-2.66652435868560688803086e-02	-6.85771843860265711834145e-02	 9.97289393589512962456922e-01
 6.66144473563252542680502e-02	 7.62570134398320026436480e-02	 9.94860484341723472212493e-01
-6.99795817789186538719626e-04	 2.27552156156646645523978e-01	 9.73765642500429406958062e-01
-9.82326929710659740857537e-02	 8.37903675273755504937512e-02	 9.91629725422387586775130e-01
-1.89182752848145063762075e-01	-6.41342074120201804943164e-02	 9.79845237506632882329427e-01
-1.09072957030848100012932e-01	-2.15978456772772303695618e-01	 9.70286759805882637053287e-01
 4.76074949855563103739975e-02	-2.23861964025847515191714e-01	 9.73457419450738159483194e-01
 1.37227526872098853916171e-01	-7.19801425593117605306048e-02	 9.87920778678993194432678e-01
 2.39496563607616286262214e-01	 5.55086037428415141059546e-02	 9.69309130737280755241159e-01
 1.65839548817903359445580e-01	 2.04470850769352341380625e-01	 9.64722195885184152785996e-01
 9.84959210742803181748428e-02	 3.58405401421116820426249e-01	 9.28355600922349921688692e-01
-6.26441775991967986225717e-02	 3.75438369671351135359316e-01	 9.24727926252602250301038e-01
-1.63057842252038204255982e-01	 2.32830188538465210346118e-01	 9.58750355090026595838992e-01
-2.60133304142239840661688e-01	 8.42811144509620080444989e-02	 9.61887393525325817833505e-01
-3.49543735634187668903650e-01	-5.75060440633977862368020e-02	 9.35153587265255437088740e-01
-2.68026388622501110514662e-01	-2.08672079102219965029974e-01	 9.40541236950904080416080e-01
-1.63060025649264500602342e-01	-3.55330058915199975544397e-01	 9.20408592564509686617669e-01
 4.41402978839207024708280e-03	-3.67040809222427544256107e-01	 9.30194367165471769354212e-01
 2.02356537635259070562199e-01	-2.20960317323584148896387e-01	 9.54058892230731814265710e-01
 3.06997686873861808098951e-01	-9.54672846568567073921585e-02	 9.46909931204834909301837e-01
 4.06119479416700235319126e-01	 3.05801139098698972207391e-02	 9.13308176395879911524389e-01
 3.36247094614446850879830e-01	 1.78677310117024285007759e-01	 9.24668757022041987170269e-01
 4.26695421286155507356597e-01	 2.93833059726411549572589e-01	 8.55332187202869964615104e-01
 2.59513187215778706740110e-01	 3.25269186658044218152241e-01	 9.09314501078654746635266e-01
 1.91013672944483958726636e-01	 4.80144932662477652574040e-01	 8.56139369721310439231843e-01
 3.53326508849727688454934e-02	 5.06108570644026589668840e-01	 8.61745738894078239233920e-01
-1.19773978302527867034755e-01	 5.16723128161199696251060e-01	 8.47733096525604579163371e-01
-2.20581915403360251382026e-01	 3.76398166290797808741786e-01	 8.99815558328433073853603e-01
-3.22098568894328474154776e-01	 2.28074642313951775340897e-01	 9.18822327465755650521828e-01
-4.19934623729641909317678e-01	 9.20065041906867192578190e-02	 9.02878571558575204747399e-01
-5.01335363981864068350092e-01	-4.59638387473671611305193e-02	 8.64031352642239403039071e-01
-4.23306612251088676401878e-01	-1.98073891305853233557599e-01	 8.84069140739265679762582e-01
-3.30601657900126633116145e-01	-3.43643412337310771853538e-01	 8.78983361020478248804011e-01
-2.37844288727490194013114e-01	-4.79429953448298362683744e-01	 8.44734877968393638170141e-01
-8.00621819331955586473981e-02	-4.97991024501795942480697e-01	 8.63478422741267737094972e-01
 7.84189539514763694905142e-02	-5.00383655793430359715046e-01	 8.62245130270944515338272e-01
 1.76339187177451200971845e-01	-3.65771808212195070897366e-01	 9.13846527258695195961025e-01
 3.41743258047348785755304e-01	-2.64755015258541337441756e-01	 9.01729631028410194559797e-01
 4.53807887891284456038932e-01	-1.27400211772969812473733e-01	 8.81945342369839679896870e-01
 5.56249747505297653660250e-01	-6.60541967392206785109066e-03	 8.30988921003898872719162e-01
 5.00207912901969198316010e-01	 1.47619627374474621239742e-01	 8.53229447150107067621150e-01
 5.80211308415438553609533e-01	 2.65134605346745988452284e-01	 7.70102901328432953853564e-01
 5.04745724460231248720277e-01	 4.06728484004536816609487e-01	 7.61448418435869855969145e-01
 3.45013058095238633882218e-01	 4.36549587113495951573583e-01	 8.30897374971667379561779e-01
 2.67528519642476148021615e-01	 5.91937849633383805780795e-01	 7.60288151525006172803955e-01
 1.14316783953830769515747e-01	 6.24259358363144833958813e-01	 7.72807819837822207453826e-01
-4.31252676090565431610280e-02	 6.40782522198863446760697e-01	 7.66510254685552339104504e-01
-2.70985823050727825389572e-01	 5.12887127758684169265280e-01	 8.14563366402495936391404e-01
-3.74980276214747387797388e-01	 3.64563695589503411476073e-01	 8.52339782192545469818867e-01
-4.79962613000162074960997e-01	 2.36761439832698789009768e-01	 8.44736592512958406331336e-01
-5.68254392685615283831169e-01	 1.04866782835465979784040e-01	 8.16143310363591667488947e-01
-6.39169168970476153646132e-01	-3.21297710442845080303087e-02	 7.68394723596038553559140e-01
-5.67028146284277334565616e-01	-1.85469664005661588612739e-01	 8.02546001831074495846963e-01
-4.85731044004087897381083e-01	-3.32829090011722061870358e-01	 8.08263663498902884541053e-01
-3.97120197383748929631508e-01	-4.69132900853539092089761e-01	 7.88802808163507673810955e-01
-2.89449241012632030312091e-01	-5.96080590594966430728618e-01	 7.48937291362345769485387e-01
-1.33050702685245936240932e-01	-6.21331361503627777054248e-01	 7.72168925641928849401552e-01
 2.61365525680113432172025e-02	-6.28313493554309432376215e-01	 7.77521082953664066650390e-01
 2.35788033981834649344123e-01	-4.92775302196630349271800e-01	 8.37601638355609301456184e-01
 3.57270639639355513939023e-01	-4.06118626433198626202170e-01	 8.41085816855627332877532e-01
 4.88529668355772550558669e-01	-2.74535047768946938173684e-01	 8.28232618702439693514350e-01
 5.98940082410541974056173e-01	-1.57741974436101911605235e-01	 7.85103972211995349006486e-01
 6.91751412753841332659022e-01	-3.98049156666900535994635e-02	 7.21037829549762254721657e-01
 6.43080178425634030325853e-01	 1.13291710983663515555087e-01	 7.57372347223245756531185e-01
 7.05888536405727462508253e-01	 2.42697000239071619676068e-01	 6.65446872594601446238016e-01
 6.36524837799114950875889e-01	 3.93910617863159895346570e-01	 6.63076583811760267295199e-01
 5.44385783938984402219319e-01	 5.35042054171244618743231e-01	 6.46044981803397533326461e-01
 4.14174865928875590714853e-01	 5.42259500218428613926847e-01	 7.31036124179686330748495e-01
 3.95492174188168899018336e-01	 6.61898251385285907311129e-01	 6.36770480604287758552573e-01
 2.35276403823442170626379e-01	 7.12658963019876079414416e-01	 6.60879880334802938257610e-01
 7.58666247940542048944224e-02	 7.41866401585769663640235e-01	 6.66242071202757135672812e-01
-8.20733920682507750443690e-02	 7.52510610572700633369436e-01	 6.53446049257253136488544e-01
-2.02709196481339032347435e-01	 6.40686817797402996532696e-01	 7.40560181999091460269824e-01
-4.16928978558318286129492e-01	 4.94073971444975557076873e-01	 7.62929313618835092114523e-01
-5.27601455055485057954456e-01	 3.76361890001745580391912e-01	 7.61569716032385990445164e-01
-6.21364947891270835711452e-01	 2.52808014834805194759326e-01	 7.41615607418939948303205e-01
-6.98416149182182532939578e-01	 1.21641853178167544391464e-01	 7.05278769081355894066121e-01
-7.58254374453186996696274e-01	-1.50820405234738906530279e-02	 6.51784347523208351660173e-01
-6.94505781066602323470249e-01	-1.71727765121761494215846e-01	 6.98692560967521747450348e-01
-6.23989802246196711976722e-01	-3.20452226184167965339356e-01	 7.12704074231628736946220e-01
-5.44424444206073609997532e-01	-4.58448950784428821414451e-01	 7.02443295985920812540826e-01
-4.48219032005489570469337e-01	-5.83684454214510761715928e-01	 6.77061413208854268042103e-01
-3.37957460338142945399653e-01	-6.97386515662766659495730e-01	 6.32010128695370099194406e-01
-1.88187611993136633126156e-01	-7.28978706429942890920870e-01	 6.58160670553967319662547e-01
-3.38851164299447185634939e-02	-7.40363544273311524612780e-01	 6.71352084375694491136244e-01
 1.25084321562259626059443e-01	-7.35796201055812892910524e-01	 6.65550796717382819878139e-01
 1.87722396610935760019601e-01	-6.21890267269846974684810e-01	 7.60271528656496053955038e-01
 3.52335763725834028026185e-01	-5.65286262461784261290632e-01	 7.45862555080840650134633e-01
 4.91598099731155424585438e-01	-4.20093677832443168629339e-01	 7.62792639048076037688872e-01
 6.18648265869297553365413e-01	-3.10060582170465615092780e-01	 7.21898025015322186703770e-01
 7.21024776778806164578839e-01	-1.94175134275032246211623e-01	 6.65146065537748021334608e-01
 8.02492937256719995886556e-01	-7.26943953543500026581725e-02	 5.92216692214215800760257e-01
 7.63443944536792540311865e-01	 8.51287940758448241629353e-02	 6.40239355217480432536092e-01
 8.12225565828452400474191e-01	 2.11889065010129606925204e-01	 5.43500371981274321697697e-01
 7.52984080970244828989735e-01	 3.64115829058518358785079e-01	 5.48119181231987107061343e-01
 6.74366250196517857951051e-01	 5.05473889982327229120074e-01	 5.38262303289039456544174e-01
 5.66312090658792732789095e-01	 6.31455641457015826034649e-01	 5.29673851389490524255166e-01
 4.51372583644205682684714e-01	 7.31631121564623065900435e-01	 5.10860737082472038395053e-01
 3.05811318612857818699524e-01	 7.87784383122002829225039e-01	 5.34672987084021666959188e-01
 1.53985037559047188704398e-01	 8.24906927506926623827610e-01	 5.43890769510773197659148e-01
-2.13820103833079182970023e-03	 8.43021372614326969241461e-01	 5.37875815975932924928316e-01
-1.59644318556025538446974e-01	 8.42993337685116306268185e-01	 5.13688547829606600991781e-01
-2.35923476384650859793979e-01	 7.45542883743372852833886e-01	 6.23302432042581400217784e-01
-3.63059755847550069685070e-01	 6.23466258119672045445725e-01	 6.92443094174656326167394e-01
-5.27368237604214251668111e-01	 5.32777305000221024222640e-01	 6.61839168713159953227887e-01
-6.40289859731761890060397e-01	 4.12304367253830572614959e-01	 6.48100304172200547547789e-01
-7.30646451100206539841508e-01	 2.84011016909870406266236e-01	 6.20881233222984940667288e-01
-8.01574343760975249750800e-01	 1.49620470764627672144442e-01	 5.78871562742836132109403e-01
-8.52802870375686028481255e-01	 1.00329388095733353786221e-02	 5.22136576402988938916394e-01
-8.00607551128391659034378e-01	-1.56358374822100160139726e-01	 5.78428567499212564761990e-01
-7.39283551360795154749894e-01	-3.10699112262643406534579e-01	 5.97432751300576048159030e-01
-6.65301798934015420350363e-01	-4.53904592385475091909086e-01	 5.92742893121915748189110e-01
-5.73840987846333305810731e-01	-5.85448407653244573545237e-01	 5.72675023590015430663414e-01
-4.60931098241684267247109e-01	-7.03866565524337683967815e-01	 5.40476068490259975440893e-01
-2.92328159689390632003381e-01	-8.00777922515708895367936e-01	 5.22780035831552525316113e-01
-1.25862263769396603985129e-01	-8.28889179029915879048929e-01	 5.45070105074526245481081e-01
 3.93553624058816456376952e-02	-8.33049804650297653907387e-01	 5.51796319688707570527697e-01
 2.08179238494967583372741e-01	-8.09304533220938648874210e-01	 5.49260937230833579114631e-01
 2.90808724150211694858825e-01	-6.97429544164212877888076e-01	 6.54997951817427037646269e-01
 4.38374587363507484116809e-01	-6.67424695441531823369985e-01	 6.01973418905397683609237e-01
 4.91264849610796972001481e-01	-5.46173203085779657151022e-01	 6.78493684397946772435262e-01
 6.22613659434009258930587e-01	-4.49288509719026396549424e-01	 6.40696547610994926458261e-01
 7.33082084461069372061104e-01	-3.40537195272562542847083e-01	 5.88748737644600006468920e-01
 8.90352186502787357191835e-01	-1.06480910236628617537846e-01	 4.42645230116495036476465e-01
 8.61336529589750155011529e-01	 5.10952415693630770943123e-02	 5.05458859931502302309525e-01
 8.94104798168456005313942e-01	 1.83057412946881853388348e-01	 4.08737805270493137488330e-01
 8.43777671799024076015883e-01	 3.38974436415042101877759e-01	 4.16095628468412470635229e-01
 7.73135609321042638342192e-01	 4.83764024218740096294766e-01	 4.10163014509438983434819e-01
 6.76065095177448394103692e-01	 6.16803463659737705171437e-01	 4.03099831679520959060170e-01
 5.59734013505689964596002e-01	 7.33851496303660866260543e-01	 3.84915335493002219724445e-01
 4.09154080605408254633915e-01	 8.26534357826283483383634e-01	 3.86566803614376786057960e-01
 2.54907318017651540742463e-01	 8.78282813101401549360503e-01	 4.04526339601930462475110e-01
 9.60008282094357845437571e-02	 9.07892078404307967254283e-01	 4.08063493777387986671812e-01
-6.62123518512860581575197e-02	 9.16149063804567620472596e-01	 3.95331275454315178574660e-01
-2.30204352556837632537423e-01	 9.03254843031023990640449e-01	 3.62127939552980948612060e-01
-3.15320458706881412425105e-01	 8.23344922558002734191973e-01	 4.71885734917721788583833e-01
-3.84027163918256142505214e-01	 7.21807793671350506059525e-01	 5.75774822624433468831739e-01
-5.17759852717890045603610e-01	 6.47324422656242681739514e-01	 5.59370920540486316063777e-01
-6.44548648066090024144614e-01	 5.45146770728265339656105e-01	 5.36070926875091613439395e-01
-7.45039271233758793044899e-01	 4.25780988643014390859776e-01	 5.13446232851743400438238e-01
-8.25585729406458801449276e-01	 2.98452240039333793752974e-01	 4.78888780215103115889264e-01
-8.86469945421520688633166e-01	 1.64434038868758236606737e-01	 4.32588121341390852148123e-01
-9.27428532224917168136358e-01	 2.68174017408841260101671e-02	 3.73037725409916032237589e-01
-8.85298185879570209699807e-01	-1.31413587920739066694509e-01	 4.46069042848907026943550e-01
-8.36124553612196286245251e-01	-2.88387269138875579344017e-01	 4.66613880896643906659449e-01
-7.70907395294793462703353e-01	-4.33250714665636527112014e-01	 4.66899995846554172196363e-01
-6.88393128210759597251922e-01	-5.66591805268262915795674e-01	 4.52867118739101515156875e-01
-5.87211085583361103168443e-01	-6.86494743658058736990313e-01	 4.28845086130022701276232e-01
-4.57735290042662279486052e-01	-7.88066615045497131930574e-01	 4.11618044429896079439146e-01
-3.27530284213208955357288e-01	-8.63205519762239026348993e-01	 3.84187641101607690874431e-01
-1.78720723559146199566072e-01	-8.95996145716228320488028e-01	 4.06509298580191191785360e-01
-2.55204605978503230867549e-02	-9.08709309632195760819684e-01	 4.16648648958150291665703e-01
 1.30949573791529549904311e-01	-8.96830314108782777893225e-01	 4.22548928314057992139396e-01
 2.87518122310795709584141e-01	-8.66404023517030275058914e-01	 4.08261432634011323106193e-01
 3.66910595466633682182334e-01	-7.75241724609995630501658e-01	 5.14175926466846844320457e-01
 5.29828888142652609793970e-01	-7.08096863065255766045425e-01	 4.66776372374036407908449e-01
 5.93940102757311572112542e-01	-5.86677949074059901235501e-01	 5.50494449024591880892388e-01
 7.19087303318240667060479e-01	-4.80708170195301764948681e-01	 5.01829757302200363255906e-01
 8.22482045092588265333688e-01	-2.24253447997729726814953e-01	 5.22717587767470570625505e-01
 9.00862680957905226364346e-01	-2.45836536135206923381347e-01	 3.57786008052828230496800e-01
 9.34489635693295239704526e-01	 1.77891260756911535889646e-02	 3.55545591697148943843843e-01
 9.53589069137067091297411e-01	 1.47429279338619767525387e-01	 2.62549985366590910018658e-01
 9.12629258494222272979357e-01	 3.04925459821278832528435e-01	 2.72265129043488374183113e-01
 8.50849396646614741790415e-01	 4.51249730740792387440052e-01	 2.69126336006817290513737e-01
 7.64050061528179225156521e-01	 5.87594853379516113278669e-01	 2.66382791787852790665880e-01
 6.54443185028553697790699e-01	 7.11499171450634793067991e-01	 2.55877014588537343708907e-01
 5.13946160611129521100793e-01	 8.19595659183772973221949e-01	 2.53223812940638504098700e-01
 3.56699819765128822712796e-01	 8.98523754838027377545018e-01	 2.55773924729040535996916e-01
 1.96681419931932749411985e-01	 9.43506124607832563633281e-01	 2.66669480595488284091488e-01
 3.30445647459076258245503e-02	 9.63940196749584310431658e-01	 2.64059375578914623527993e-01
-1.33579106058370894460907e-01	 9.60047203935557869058925e-01	 2.45898329884861294170051e-01
-3.09066616612871269964558e-01	 9.25954917898021423461330e-01	 2.16991512543558140446720e-01
-3.99080699505965863504997e-01	 8.55410950143108861354335e-01	 3.30161629595404348957999e-01
-4.76657899873355384023910e-01	 7.62061719195399223103493e-01	 4.38245573423480028196764e-01
-6.15085012967635735847693e-01	 6.67265003236951037557390e-01	 4.20033144261015789489022e-01
-7.34037638010219262163503e-01	 5.53884422990491120941670e-01	 3.92938661819970447286465e-01
-8.28304857629436730448447e-01	 4.28472857039774168708135e-01	 3.61001486988144992817951e-01
-9.01010339102320645388033e-01	 2.93521051222536244473815e-01	 3.19414716818024302380508e-01
-9.52067416260011678552644e-01	 1.52375687478252030970793e-01	 2.65234395886950302667628e-01
-9.80143009973987067162682e-01	 6.50970464595228021781326e-03	 1.98185024016838129412577e-01
-9.48253070863006475299528e-01	-1.13329336902869032277508e-01	 2.96601711047043359315012e-01
-9.09782562801029759391724e-01	-2.62959948144455613050496e-01	 3.21166240590532170440241e-01
-8.53232885961167419885953e-01	-4.07890611126715374457063e-01	 3.24990602431904085367620e-01
-7.77510651678062325586893e-01	-5.43972109426362426809476e-01	 3.15549569312632782747130e-01
-6.82098717700103995831284e-01	-6.68571307871908437903130e-01	 2.96232587002712877133348e-01
-5.62677549333176152401848e-01	-7.77922370789140615876534e-01	 2.79697623340303069827684e-01
-4.28771263439513050652607e-01	-8.67517310119457984995961e-01	 2.52128777198446174523383e-01
-2.70269438773010239884798e-01	-9.31029286746941520114262e-01	 2.45232334093209630720978e-01
-1.15264058803967284205783e-01	-9.57876156902778275181731e-01	 2.63035101811905758228960e-01
 4.18361738361072224567927e-02	-9.61019781528571925832694e-01	 2.73296019124924405296895e-01
 1.98311402855740392947581e-01	-9.40750888281647434929766e-01	 2.75064271934178816714223e-01
 3.58380764769948845227532e-01	-8.94524472892708311100307e-01	 2.67187564903251018044728e-01
 4.52585053700676975818595e-01	-8.09941222778513436608705e-01	 3.73044212943723030306842e-01
 6.07055974768230699467608e-01	-7.27050083984014827720443e-01	 3.20751023189374151467490e-01
 6.74385289221112738111685e-01	-6.13693714864877559733713e-01	 4.10590435857318136747551e-01
 7.90427306314235855744244e-01	-5.02248994264588355385115e-01	 3.50671671500608350680039e-01
 8.22026091455944407648815e-01	-3.64326855312632646999305e-01	 4.37651742214824779342308e-01
 9.42964678918616905356487e-01	-2.71827118757297370166270e-01	 1.92165636418209995195383e-01
 9.55378430862677929802373e-01	-1.17325457366981134033068e-01	 2.71084471882835853495664e-01
 9.83805509933987853976589e-01	 2.49102513682022512486736e-02	 1.77499853521909445319693e-01
 9.66946235651011121170484e-01	 2.20776260104400490202892e-01	 1.27564965153655313079284e-01
 9.15039431927129109922703e-01	 3.83885923041194010441046e-01	 1.23832290252935822705282e-01
 8.38075085850560008715604e-01	 5.31866717006689637692318e-01	 1.21441120783292527685049e-01
 7.36973000361740515629094e-01	 6.65329876423488730807776e-01	 1.19192920411067465602528e-01
 6.07459796943591867623979e-01	 7.85450443036531997798022e-01	 1.18575700002006789723907e-01
 4.57200598071665409438680e-01	 8.81541989912407286666962e-01	 1.17691686810007162256042e-01
 2.94171923067691243325328e-01	 9.48331027636392209778649e-01	 1.18874478761258228765030e-01
 1.29785451162293924420865e-01	 9.83968541746212399523586e-01	 1.22317805410463900650520e-01
-3.62910325639763178817709e-02	 9.92804370272297509458781e-01	 1.14115920553038749374331e-01
-2.08239514329212782595135e-01	 9.72850238884141571560349e-01	 1.00988699244034835222905e-01
-3.84185825503896627441947e-01	 9.20431643453231917995083e-01	 7.21584451874632409884569e-02
-4.77475154348029673379017e-01	 8.58160698276283939733844e-01	 1.88620499719108269953693e-01
-5.59946080777466326239278e-01	 7.72490398867871852495171e-01	 2.99531250922021763383185e-01
-6.94412581810497142598138e-01	 6.65686832188302490820320e-01	 2.73225561897825153234720e-01
-8.03950171225110143957693e-01	 5.45159293517216148039495e-01	 2.37624634410924490124373e-01
-8.89782058841598999521239e-01	 4.10575871310416229409412e-01	 1.99287083528505687413102e-01
-9.51987434262661302852848e-01	 2.67025459893017846901841e-01	 1.49724175652823032756089e-01
-9.89007112035155455664892e-01	 1.19019370066873853009071e-01	 8.77457799142844080408921e-02
-9.97140398851228071386288e-01	-5.71549594202615321436589e-02	 4.94402224153795907812814e-02
-9.71510640484891774271148e-01	-1.79264604925803455737210e-01	 1.55020246566154151768302e-01
-9.26440936707223605672823e-01	-3.33253430565436381538547e-01	 1.75069534212581506826822e-01
-8.58778254948786790023973e-01	-4.82046988124600395142494e-01	 1.73581710059321381312003e-01
-7.68707856124374311335146e-01	-6.19260519585370095008159e-01	 1.60014501891315108483838e-01
-6.54727031724414931801448e-01	-7.42025674114391020630421e-01	 1.43980598986185648335834e-01
-5.22554442957412934589456e-01	-8.43809393277912822561859e-01	 1.22157938593563789031471e-01
-3.69775776270812650547981e-01	-9.23088874533592340654309e-01	 1.05701490035021050672981e-01
-2.08879139160419086129750e-01	-9.72650261910396163322901e-01	 1.01592190788663161438166e-01
-5.10939184979747190729071e-02	-9.92006584028173654665750e-01	 1.15379152091164990934224e-01
 1.06726828764330358700896e-01	-9.86627179274348620197088e-01	 1.23191692654381304561362e-01
 2.63999017731906870931624e-01	-9.56188581071470311556482e-01	 1.26522393532198906829223e-01
 4.20459674101481051256002e-01	-8.98815259001485844514434e-01	 1.23874099958661734732779e-01
 5.22476696455510425387558e-01	-8.22233269737223104733914e-01	 2.25722289103604839555217e-01
 6.68315518039088618529320e-01	-7.25508874214877197417195e-01	 1.64290114686204108407352e-01
 7.40165999792233408882680e-01	-6.21911151988192245632092e-01	 2.55696718368232545071095e-01
 8.38167034445277181475831e-01	-5.16344353020431245937516e-01	 1.75683042645333131748231e-01
 8.78678110808403189935234e-01	-3.91185056271676878658639e-01	 2.73676870297619945215928e-01
 9.61874460828881505669585e-01	-2.73282628120462778298361e-01	 1.06830132791149515214535e-02
 9.83623405543913142956569e-01	-1.42275922627677825493819e-01	 1.10646093047324395319819e-01
 9.99564109976064263385354e-01	-3.46974949061211110357128e-03	 2.93180982710539196622879e-02
 9.89219473059386067426146e-01	 1.46439374097628333126764e-01	-5.86373605357218188188773e-04
 9.50665071752280987915640e-01	 3.09543160753329160694847e-01	-2.04683409456968036510549e-02
 8.86570867386298755441487e-01	 4.61919353277312760841511e-01	-2.49521175408953764518483e-02
 7.97970131602865007103276e-01	 6.02144384930448084425336e-01	-2.58032704601294342328099e-02
 6.84115644689448076931626e-01	 7.29093004535661615150843e-01	-2.02280851368249643684738e-02
 5.45229965721301224057527e-01	 8.38065998833536274226219e-01	-1.92267022314258524684494e-02
 3.87871487012806603900117e-01	 9.21489085080461789445394e-01	-2.03365591988338909046341e-02
 2.21815137959461949890283e-01	 9.74812569421613872577836e-01	-2.32055827260564881409088e-02
 5.71788714579015491801250e-02	 9.97975612681951895766019e-01	-2.78433681670018640108566e-02
-1.10263910078836180339579e-01	 9.93318065257492111008730e-01	-3.40747907878979627849247e-02
-2.78773754145777485913271e-01	 9.59386257940264552956933e-01	-4.31648245084547618755089e-02
-4.47315365169545731127698e-01	 8.90840028816210161011213e-01	-7.94544343757460497235101e-02
-5.42855683098187546953284e-01	 8.38818869686392853957102e-01	 4.11170425254852242580306e-02
-6.30000950581501739655721e-01	 7.61206650527461725630474e-01	 1.53828597663654642602182e-01
-7.51806742507630465510715e-01	 6.49190742997802994196377e-01	 1.15490264204502951495002e-01
-8.52068490942688550049411e-01	 5.17659548791225110342396e-01	 7.75105043714378744157401e-02
-9.27161471376631407537161e-01	 3.73307391575493752178261e-01	 3.18307616908717130876916e-02
-9.73825839825671168981103e-01	 2.25581868222684195357530e-01	-2.78577532652955206504686e-02
-9.95979647635791942583694e-01	 5.75302482109918689179295e-02	-6.86644889012182901844028e-02
-9.88335997805925292603035e-01	-1.18474083216626793757520e-01	-9.56861904714879085709356e-02
-9.70349474621845176081081e-01	-2.41373920744265724191990e-01	 1.26699441849575569069009e-02
-9.17778454460956960581086e-01	-3.95987479627534666448696e-01	 2.96078453368354144181751e-02
-8.37462812252609101193457e-01	-5.45988639080868143338421e-01	 2.35041291813317017311835e-02
-7.31275259388106779745442e-01	-6.82009618638435233251016e-01	 9.96870560873226556342086e-03
-6.02873539463538943294907e-01	-7.97783263859397240302940e-01	-9.23901079942972096314957e-03
-4.57769574605205731288038e-01	-8.88584810695439708538856e-01	-2.93947404669435211066464e-02
-3.01088285850653614161843e-01	-9.52605660045644064837234e-01	-4.34545805700368714674653e-02
-1.39316494711166999342922e-01	-9.89194446936387250524092e-01	-4.56646521021268417261929e-02
 1.90372709338729947936564e-02	-9.99170401343281167072519e-01	-3.60012693511848683169951e-02
 1.75306010930414341020267e-01	-9.84067888806778978683099e-01	-2.96343171177338715605032e-02
 3.27427261299428895569008e-01	-9.44522811111887072854643e-01	-2.58466215829841090834140e-02
 4.74763992853425520479504e-01	-8.79785863977568971527887e-01	-2.39996798960897747554633e-02
 5.80218463514717619489147e-01	-8.11335864831914888029019e-01	 7.12786716631892414142158e-02
 6.89467888958130270538049e-01	-7.24079392439696656325054e-01	-1.85219745108024386182066e-02
 7.74154453340532899829896e-01	-6.28198154126604846325677e-01	 7.77943540685746282026258e-02
 8.55528395328897461880047e-01	-5.17702735226063581741585e-01	-7.41907847472323984244769e-03
 9.11447554105372148569586e-01	-4.00830934990617893109999e-01	 9.27249571036940084534095e-02
 9.52233098911070330316875e-01	-2.55054337832719746348431e-01	-1.67926799799592962880723e-01
 9.88753120622046011156669e-01	-1.32642823071046911387327e-01	-6.90879725271232314476322e-02
 9.90536206810944341860647e-01	 3.49264115646228320843925e-02	-1.32733450086272214418770e-01
 9.66486191501229829903252e-01	 2.04442507119965172224241e-01	-1.55266554415144475420618e-01
 9.14845242812634240614500e-01	 3.66795056768329075236323e-01	-1.68877375729878459464928e-01
 8.38404742413297321412813e-01	 5.17148015380352044090273e-01	-1.72149406293067491757753e-01
 7.38712091586385510844082e-01	 6.52783512063988546891835e-01	-1.67863432949145602313124e-01
 6.17275781410099755319720e-01	 7.70652322473610484898643e-01	-1.58321216362750372130819e-01
 4.69861558828704894974493e-01	 8.68709214236459192903794e-01	-1.56762293411818992572293e-01
 3.08714416882249986784359e-01	 9.37289199133114370177111e-01	-1.61815839760690333148929e-01
 1.45656524492814021254361e-01	 9.74204971207505820984807e-01	-1.72362556685774742648576e-01
-1.89942859277072786938767e-02	 9.83920807381566620009039e-01	-1.77592403845724056132838e-01
-1.81955029642430182734714e-01	 9.66189928480148729761368e-01	-1.82672902455037061697496e-01
-3.45555099190068382153385e-01	 9.19170366524986071077308e-01	-1.88990768891141885932328e-01
-4.54930101888818994027019e-01	 8.48366445874900843016064e-01	-2.70763690159920411559824e-01
-5.72111615389100824913271e-01	 8.10519277126388049126149e-01	-1.25486257986247018436643e-01
-6.73295512578262922431804e-01	 7.39356124822155402753765e-01	-5.06689549326000843870732e-03
-7.88348334681396534229236e-01	 6.13835874932368130707516e-01	-4.13814191525939609195284e-02
-8.78258794821044186384995e-01	 4.70611341504669211666112e-01	-8.47729589353976298315985e-02
-9.34535921435700300818894e-01	 3.25328119044319241659480e-01	-1.44236703045418329649507e-01
-9.67972239691637259539903e-01	 1.64736796098666982146597e-01	-1.89450603581781812367879e-01
-9.75545695227063802690282e-01	-3.53268772976342423572382e-03	-2.19768324927293923209959e-01
-9.55421434625653875905016e-01	-1.76341647201211593198877e-01	-2.36798449573093733322438e-01
-9.44984255970957476300498e-01	-3.00076341337311758294959e-01	-1.30226515489852340268229e-01
-8.84629914467135125555330e-01	-4.52321576151161863776906e-01	-1.13292127608223422430278e-01
-7.89595956001344245756002e-01	-6.01471648510424117262119e-01	-1.21532227431557768304593e-01
-6.68121608212327466880254e-01	-7.31166435827493965682322e-01	-1.37873709455763188147515e-01
-5.30239794862499502769992e-01	-8.32127353008351944296805e-01	-1.62511009840836218032223e-01
-3.79287167697982319225503e-01	-9.07377288699890760526046e-01	-1.81128960608947675581248e-01
-2.17257602865406018732841e-01	-9.57164750765325367254377e-01	-1.91402126136390099420126e-01
-5.11969840050969168809836e-02	-9.80204487882358921346793e-01	-1.91253838560339006757971e-01
 1.11839961006303986734700e-01	-9.76430289571210807686441e-01	-1.84596079942100060877763e-01
 2.71893056030322710636682e-01	-9.45516267242728969399934e-01	-1.79089794410144942382601e-01
 4.27694275871584428383443e-01	-8.87118062185006661657383e-01	-1.73491066432250318207764e-01
 5.83477371031424385527941e-01	-8.04055075870719115904706e-01	-1.14234812823365949885357e-01
 6.74350784782597689748229e-01	-7.10404212188948447348480e-01	-2.01437023328120662357676e-01
 7.76702247730563288818928e-01	-6.20832459841837547287469e-01	-1.06304633845491020016638e-01
 8.43616412263329285003977e-01	-5.02163260671685707237089e-01	-1.90114198816209362119523e-01
 9.14798697850939812603599e-01	-3.93686893821007244387289e-01	-9.02993468624869871641536e-02
 9.19435783477895340887187e-01	-2.14117660934831116614774e-01	-3.29835515577364180028752e-01
 9.68719495392838525482659e-01	-9.32369726449175234561650e-02	-2.29976968798736386423442e-01
 9.56485482472839598777625e-01	 8.57295111582762336954744e-02	-2.78901367395827604056535e-01
 9.18929021868391426863809e-01	 2.55198986605661148896473e-01	-3.00737310627472498314461e-01
 8.55410286142110454221665e-01	 4.14259612643772368034689e-01	-3.10905477105992089636999e-01
 7.67761485969768120440904e-01	 5.58976257874527426849909e-01	-3.13189788776842115147758e-01
 6.61623374722809076686758e-01	 6.84145348775885286940479e-01	-3.06919617764527863368329e-01
 5.35013290035023181268059e-01	 7.92610227001089073795015e-01	-2.92454795719239657447730e-01
 3.82484097029894942743056e-01	 8.75262266536837807429094e-01	-2.96009932765817163069499e-01
 2.25738298238088774816390e-01	 9.23262611535285548924890e-01	-3.10851042863967641505241e-01
 6.08452601554309649434238e-02	 9.45954965044180640099114e-01	-3.18538943341125757591215e-01
-1.03268369065157336605942e-01	 9.40020124237151533108658e-01	-3.25111996056424323864320e-01
-2.71434159825479137673199e-01	 9.07071058413227548911095e-01	-3.21785008769742864043195e-01
-3.50181147452040320011690e-01	 8.31797665998897706174375e-01	-4.30680632032552357379984e-01
-4.85839753414901931449776e-01	 7.70602897364493166776356e-01	-4.12469281977695778618198e-01
-5.92054665828114168313334e-01	 7.59839549428682814458114e-01	-2.68542607038764979954237e-01
-7.01386205414631369592371e-01	 6.95304236616576032403714e-01	-1.56873864608177565616032e-01
-8.07290361880847573416986e-01	 5.56152082808024528226554e-01	-1.97426270801497577567218e-01
-8.71851556980760111770223e-01	 4.15776381004614947745068e-01	-2.58852976782052213167162e-01
-9.14120696440903546253764e-01	 2.63069898312849936861113e-01	-3.08508639976361631607205e-01
-9.33268256827669673292291e-01	 1.02507579200255952156517e-01	-3.44242003544520835944809e-01
-9.28817574711038096424431e-01	-6.23779655531345872399029e-02	-3.65249096263573325149565e-01
-8.99453131035911845891917e-01	-2.30311614462909208800312e-01	-3.71403588180274524255253e-01
-8.94504021569580087813733e-01	-3.54932352601282030679641e-01	-2.71819021543319161438035e-01
-8.28193492545869158760752e-01	-5.01271994821431809974399e-01	-2.50643025261861052133128e-01
-7.17148195405884258946116e-01	-6.45615402635850488266556e-01	-2.62448504864158105309713e-01
-5.89004498484829830395881e-01	-7.53861999184630704462506e-01	-2.91145645596814883759862e-01
-4.46365834365735680844267e-01	-8.37903067003920476452095e-01	-3.14127350315766273869400e-01
-2.90819139841605900365096e-01	-8.99197836139917994202619e-01	-3.26905918244190962784756e-01
-1.24587670569493685901463e-01	-9.34837515406422236985406e-01	-3.32500725007953579215325e-01
 4.40425169468856153587311e-02	-9.42719767972308830827899e-01	-3.30665534604409117047652e-01
 2.10066270225607670818491e-01	-9.22383851884734262682741e-01	-3.24160750085174087509188e-01
 3.72008985807072145579610e-01	-8.72889994834695870373764e-01	-3.15709314712566468941191e-01
 5.33552389475347443870135e-01	-8.01408194199649592803780e-01	-2.70308627229698172911299e-01
 6.20601488287857550041338e-01	-6.96620047702983469228855e-01	-3.59964306387715371471359e-01
 7.47875245775945995951872e-01	-5.99401991758188423808917e-01	-2.85306622832146694612732e-01
 8.03531569378808874226650e-01	-4.71737837264121218083801e-01	-3.63043289298945859311374e-01
 8.90457795654223005499261e-01	-3.68011082593943883445320e-01	-2.67680326596213602474705e-01
 8.63297693942764676755530e-01	-1.66169291589937373476715e-01	-4.76555199494877956833960e-01
 9.25361572913262819817248e-01	-4.40964534229732960102233e-02	-3.76512233760083192546375e-01
 8.98635449314555412314576e-01	 1.32814830761471991404932e-01	-4.18108299325699650506039e-01
 8.47173733602191614266985e-01	 2.99771831452226467096267e-01	-4.38672445182394343810017e-01
 7.72227802165955323765445e-01	 4.51458095262379122125651e-01	-4.47045646197346435712916e-01
 6.75605708650664826819821e-01	 5.82087292778928233616398e-01	-4.52472441176179684951819e-01
 5.65265405493361350330872e-01	 6.97262394659508233374368e-01	-4.40794934574018970607767e-01
 4.40456568329132824857197e-01	 7.88991858703916193462646e-01	-4.28357162091009602278291e-01
 2.98236878565381002825774e-01	 8.43312376124937923549396e-01	-4.47078293521492031725728e-01
 1.41720574635018359277439e-01	 8.80789210435871106064099e-01	-4.51802662126812970555534e-01
-1.81872276613336478212624e-02	 8.87058526488459730963143e-01	-4.61298596718131892480130e-01
-1.84900170900271665352932e-01	 8.69948081048282806371219e-01	-4.57167653144292807088078e-01
-2.66464806269585019471435e-01	 7.77017051639111389071957e-01	-5.70299051798067502261347e-01
-4.14256563265550936669968e-01	 7.19997730611981689996526e-01	-5.56771737523566234706607e-01
-6.11219058458521424803678e-01	 6.77914130248835955505626e-01	-4.08465046957561694895844e-01
-7.16679785457717155594537e-01	 6.27406886369772931466571e-01	-3.04517132608441709606950e-01
-7.87109198645076779676799e-01	 4.93748069701767322570163e-01	-3.69691700034073977843008e-01
-8.35714196231795214409033e-01	 3.49406982014006661785288e-01	-4.23670323643877855257500e-01
-8.63182152742354880103903e-01	 1.97350126100023282038620e-01	-4.64725186443965654348176e-01
-8.69774117545189184852461e-01	 4.08051580922820511521110e-02	-4.91760026355895440985933e-01
-8.55740817973476342039874e-01	-1.17224909957864956155937e-01	-5.03950367535788590345192e-01
-8.21288905802662116961699e-01	-2.76439245186703597134681e-01	-4.99065002706132188059485e-01
-8.17046376499899307255248e-01	-4.03999295949928338700374e-01	-4.11363327874941675510456e-01
-7.49888754682530911388483e-01	-5.40151388385845421247211e-01	-3.81972948290224656453518e-01
-6.32564292522874271895716e-01	-6.53744590095484912062318e-01	-4.15307629048542514826892e-01
-5.01686844338381066066290e-01	-7.43815466453552232017898e-01	-4.41643365264646203804944e-01
-3.55899583358588733617012e-01	-8.14807927508455653864416e-01	-4.57628154547508436689185e-01
-1.98194972270809122161239e-01	-8.63793684013905993523963e-01	-4.63226968584793508121322e-01
-2.94945440762917343580085e-02	-8.84964700268370818569963e-01	-4.64723090827908691391457e-01
 1.41216286730394574577829e-01	-8.76634923171450530787752e-01	-4.59966489907975784046101e-01
 3.08019789705365587551000e-01	-8.37732744463664191769681e-01	-4.50918682251289337781230e-01
 4.71743829230000855101679e-01	-7.77361388321646806787157e-01	-4.16133429959739786774264e-01
 5.52558536525221577484501e-01	-6.62336062338284237149821e-01	-5.05954547602175397358337e-01
 6.88861210113575705982214e-01	-5.73959084051880230603615e-01	-4.42765404063130085798861e-01
 7.39640781656783818931444e-01	-4.34274309978686490207878e-01	-5.14137469751697606668017e-01
 8.42814987192731179810323e-01	-3.26142154512754023354404e-01	-4.28128710101407794486050e-01
 7.83459394537054265583720e-01	-1.20680732168973472995255e-01	-6.09612613054218988040134e-01
 8.58457669469902651115945e-01	 3.06200405794026728201196e-03	-5.12875280998658089615105e-01
 8.17224395536309655696527e-01	 1.79441860913265860411059e-01	-5.47672261386586423093092e-01
 7.48495694415143186795092e-01	 3.42508151151448669846644e-01	-5.67840084739364869825806e-01
 6.59635823559607148425243e-01	 4.79479308896497091740940e-01	-5.78774716635908847983671e-01
 5.45191442887225208302482e-01	 6.13566462548923996500605e-01	-5.71228926646528578636719e-01
 4.08561267688275997489455e-01	 7.19496834911824700853344e-01	-5.61606619527241335276813e-01
 2.33897970726218817905107e-01	 7.83662952233744714014563e-01	-5.75468606082424449787993e-01
 7.82762152135609706737895e-02	 8.06633537903823305548201e-01	-5.85845687583856578051211e-01
-9.78031204749382349072917e-02	 8.07481711691889758597540e-01	-5.81728317093555657990578e-01
-1.80219830685957566052124e-01	 7.02043454432356162087103e-01	-6.88952683945863619818795e-01
-3.32651875205910552146804e-01	 6.50954286973025597617948e-01	-6.82349797533077007116731e-01
-5.45560836168535345791497e-01	 6.35049924931592624233190e-01	-5.46877469716450126391294e-01
-6.84102305844510261145786e-01	 5.51324570910168398896190e-01	-4.77540838723708616075925e-01
-7.37007171619469048096107e-01	 4.13111494095049547325971e-01	-5.34938615570073161542552e-01
-7.69746280762228840544026e-01	 2.65977868830090002916222e-01	-5.80298575343175970786547e-01
-7.83104824897428941632427e-01	 1.12494966750571245839296e-01	-6.11630375045382312926279e-01
-7.76830845745560938375718e-01	-4.54945296262413007015724e-02	-6.28063758604429867027363e-01
-7.51704909092446471596816e-01	-2.06991851860369252547045e-01	-6.26174179370030947744397e-01
-7.26499041332423822758813e-01	-3.78043452308878924483793e-01	-5.73831239224088629491405e-01
-6.82615713358061260151999e-01	-5.15667642009037807682148e-01	-5.17805630387990101226592e-01
-5.56615485482821470419879e-01	-6.16367868174660826774414e-01	-5.57018718179691951775112e-01
-4.19540725611456666310772e-01	-7.00360346880492867782664e-01	-5.77478107005666263518151e-01
-2.68686592704162452438510e-01	-7.62901391663364236706002e-01	-5.88038248330097657046167e-01
-1.08322054012782761911460e-01	-8.02479049731342763962516e-01	-5.86765461966476720157004e-01
 6.49332054306817063604740e-02	-8.09407996020104492096436e-01	-5.83645761409448904366570e-01
 2.35842388213533982188608e-01	-7.82432272396759165289382e-01	-5.76348945547556557045255e-01
 4.00213052866926433104311e-01	-7.31337278631119969141139e-01	-5.52245685541645658922505e-01
 4.73372275326158498121032e-01	-6.05448591804813807115693e-01	-6.39805198192468282947232e-01
 6.14357356333673720882871e-01	-5.29530814080348521954988e-01	-5.84946284421144935272707e-01
 6.56643169094923484507831e-01	-3.83136105904024748536330e-01	-6.49635646215381168389058e-01
 7.71684914976562108535063e-01	-2.81273474785745491999478e-01	-5.70427580311092863318834e-01
 6.82409015402241303505093e-01	-6.87746723347084781829963e-02	-7.27727957510907352833840e-01
 7.70315195324736468052151e-01	 4.82522853536706958221814e-02	-6.35835054719352088525852e-01
 7.12338989330371541441878e-01	 2.18721320579369382652857e-01	-6.66883909090481563630703e-01
 6.28482977860368885458797e-01	 3.48458352345850930209537e-01	-6.95403424797561786618871e-01
 5.39357527835710115482470e-01	 4.90020247184836055254209e-01	-6.84816482362876288725317e-01
 4.21498453133375472479116e-01	 5.96469416865288648565979e-01	-6.83054381986203384968803e-01
 2.91188513021282568971060e-01	 6.81894336201765427496468e-01	-6.70991329407771064374799e-01
 1.35234667411129910741252e-01	 6.87385025396822446630551e-01	-7.13591908299422206241047e-01
-1.04215933250940140375462e-02	 7.23160011661921564574129e-01	-6.90601902636892250875178e-01
-6.55272501718354577482373e-02	 6.14982017336690334197158e-01	-7.85813780635980063671298e-01
-2.27098831499170650261021e-01	 5.71407851310593351001899e-01	-7.88618531479144291296279e-01
-4.70155693483660097609089e-01	 5.72850265331705243987415e-01	-6.71413581478877752317658e-01
-6.11076170195801959827975e-01	 4.94093955358352876494621e-01	-6.18431142082260687509176e-01
-6.53082142248434527331824e-01	 3.45971632396449013668871e-01	-6.73637398793395236751280e-01
-6.74935510111688952150644e-01	 1.91543365466358583848461e-01	-7.12582062878441724329548e-01
-6.78334188342490485013059e-01	 3.15408789982134368790057e-02	-7.34076223479384171177742e-01
-6.62724470214145711111087e-01	-1.33976201774247821729702e-01	-7.36781279578631598248251e-01
-6.43900143580833805856400e-01	-3.06314237206142592206959e-01	-7.01116390609576867198882e-01
-6.00191316807307972958085e-01	-4.66408109902233025678697e-01	-6.49795243324030602494190e-01
-4.71624122368178855246867e-01	-5.58195690702136371186270e-01	-6.82633326231594006472392e-01
-3.31826286039268059102625e-01	-6.35095482404467781556434e-01	-6.97527808852680841766869e-01
-1.78139906351956228691691e-01	-6.88490805510066028460869e-01	-7.03026730994644744043853e-01
-1.64019827316575807218957e-02	-7.20012510958452978115929e-01	-6.93767222507502112627265e-01
 1.56778892753407644855557e-01	-7.07399566222434383888640e-01	-6.89206959117018236327112e-01
 3.19348859561206344093165e-01	-6.64400764531973497817319e-01	-6.75712905002032515611177e-01
 3.80942781595063340027707e-01	-5.28263888199085207553196e-01	-7.58827952552751261450226e-01
 5.25046129014996032502438e-01	-4.63337182773517708422872e-01	-7.13894402181350695713036e-01
 5.52851877018167070509946e-01	-3.13738924942511265836487e-01	-7.71960289816391087569514e-01
 6.77576237719404117498812e-01	-2.29613934579972783778246e-01	-6.98690119527048514314060e-01
 5.58261730729736171952027e-01	 1.48184492529546633227122e-02	-8.29532551238573945262544e-01
 6.58085542693740088715515e-01	 9.51346561968297171896225e-02	-7.46908840279586372368215e-01
 5.71152677874378400524336e-01	 2.14227740194537469298197e-01	-7.92395793709222195921882e-01
 4.92514811069736824222787e-01	 3.75171673600544042237459e-01	-7.85286811429243392090882e-01
 3.75180110279358047797871e-01	 4.85911560083144400401522e-01	-7.89385736271142279818491e-01
 2.44114282157041950771514e-01	 5.75502395928246923695326e-01	-7.80515989283883548921494e-01
 7.63902976933673455439688e-02	 5.66464387450145046010164e-01	-8.20538006535377117955932e-01
-9.61998952633087711650006e-02	 4.86650477065429021283904e-01	-8.68283878304393463842814e-01
-3.72783339443404304613949e-01	 5.02201439077244460307270e-01	-7.80273219085576785758462e-01
-5.18965730211298326146618e-01	 4.25383998497443793773698e-01	-7.41433088477025381557439e-01
-5.48298692640682316934431e-01	 2.72400802452403445474971e-01	-7.90674614789045326901373e-01
-5.61027096668284652736247e-01	 1.13056009013869585011491e-01	-8.20040813392730716380186e-01
-5.57721703560908110830496e-01	-5.25464707890227963882346e-02	-8.28363066405508718936801e-01
-5.44128238079844672725471e-01	-2.26981400483884182550653e-01	-8.07715237171181654751706e-01
-5.14914427089550930105588e-01	-3.91461805558789122105878e-01	-7.62640667394345106444575e-01
-3.82647979960148043598878e-01	-4.78752701439879690958890e-01	-7.90174901079777058932052e-01
-2.38894829163339261768328e-01	-5.50639542153715466632491e-01	-7.99828328590433068612242e-01
-7.94951363349231387989136e-02	-5.94308643417030602051909e-01	-8.00298544081457619014941e-01
 7.16237754948040039604251e-02	-6.10947194776185087405906e-01	-7.88424733236457897511684e-01
 2.28521271328770786412932e-01	-5.75802096208800295862318e-01	-7.85003168497958370153356e-01
 2.56265091729837191092400e-01	-4.40408122808393809322070e-01	-8.60446911857486340657886e-01
 4.11065696421044124431177e-01	-3.85543708517655736578433e-01	-8.26063582327858481058058e-01
 5.67548481246971214808639e-01	-1.50962365403915554917802e-01	-8.09381915825842512823840e-01
 4.33763057584783007225582e-01	-6.74078304321988064362614e-02	-8.98501972324559861071691e-01
 4.46196441716591674087056e-01	 1.01842686542153337825312e-01	-8.89121365504917382516226e-01
 4.35295285794138508972395e-01	 2.52892861461519846688617e-01	-8.64038896570752612547039e-01
 3.19262313998056990183017e-01	 3.63621375155777193377560e-01	-8.75129173545498795228070e-01
 1.90965513195013536495992e-01	 4.57188514591947370302449e-01	-8.68625831353968869130711e-01
 3.82588239665030555025638e-02	 4.17260250206916094573018e-01	-9.07981357730411775541768e-01
-2.53936597254795837219632e-01	 4.24492591252740192331316e-01	-8.69092770966477190519583e-01
-4.06326000078890914313234e-01	 3.51168941155592717606737e-01	-8.43551750888793305804825e-01
-4.26877528034771802634140e-01	 1.93472943590081436493477e-01	-8.83370701437121264021357e-01
-4.33567613191490841551001e-01	 2.94404096141783581941365e-02	-9.00639987493994986778034e-01
-4.32038037399549934569620e-01	-1.41553746339903779860592e-01	-8.90677085781981570100641e-01
-4.08444480406283061402206e-01	-3.13584147611855212911536e-01	-8.57226976239191640338788e-01
-2.68124387933561747487943e-01	-3.98664763030655788789147e-01	-8.77026635463806103487627e-01
-1.11406904571265882863962e-01	-4.67122668994986112167567e-01	-8.77145890787187965109695e-01
-3.18932606951504880529735e-03	-3.71956915157629075530110e-01	-9.28244515990071739075518e-01
 8.74799765885828917166833e-02	-4.85281882037083611702855e-01	-8.69970544709766091528991e-01
 1.50092607494269170143042e-01	-3.32617675028598236419697e-01	-9.31041186754990368612539e-01
 2.98083706904695988626486e-01	-2.83566756084448590158331e-01	-9.11447200073431607059149e-01
 4.39014062659123516230153e-01	-2.27001171836195503317413e-01	-8.69331421710112239864543e-01
 3.03895705340194000054765e-01	 3.90437423775387842939111e-02	-9.51904925114342548297941e-01
 2.97129138938927450652727e-01	 1.99314430162303574123328e-01	-9.33802994599229219119252e-01
 1.68300065129872500335750e-01	 3.06704716292043266800960e-01	-9.36806973224205807859732e-01
-1.21718642766831780521741e-01	 3.39715375737276115142294e-01	-9.32618912252309972821251e-01
-2.79582176577251151350367e-01	 2.70424199886813265703012e-01	-9.21251626134740431162129e-01
-2.93706891595870711597627e-01	 1.09202029440854761488389e-01	-9.49637393216532066375635e-01
-2.99675064519357270409472e-01	-5.72159155361929849803460e-02	-9.52324101718881377287573e-01
-2.94815428547362257116760e-01	-2.24561278735419284080521e-01	-9.28792816069950233348607e-01
-1.54567758838234814433577e-01	-3.04015227928348952257664e-01	-9.40044439968345080238521e-01
-6.21352335243068997633342e-03	-2.19264874125677550198432e-01	-9.75645584780764463239677e-01
 1.47089227839213632087478e-01	-1.76854685984659532049790e-01	-9.73184041740785876761777e-01
 2.94425868774762566904002e-01	-1.25727950698720974953559e-01	-9.47367874803302756347989e-01
 1.52295670344866768131098e-01	 1.43893708996754632334358e-01	-9.77803983068879056794742e-01
 1.62391363384331265107274e-02	 2.58518952866041706872835e-01	-9.65869681406361868525323e-01
-1.42312440562823688816607e-01	 1.83999250531860392143813e-01	-9.72569506546841378025192e-01
-1.52837931113038311137231e-01	 2.15008600078822088852437e-02	-9.88017347940818191354140e-01
-1.54804580899948779348918e-01	-1.40072222259010586986605e-01	-9.77964883972739396078566e-01
-5.38341061794711940417801e-04	-6.17917759789864337593990e-02	-9.98088917186371715750681e-01
 1.54468395037823752469208e-01	-1.55192707664532376227173e-02	-9.87875835907183530437692e-01
 2.51355480974275633746645e-04	 9.69269066606732593305296e-02	-9.95291470668575262159550e-01
