  0.00000000000000000000e+00	 -3.91018662483691059606e+00	 -7.70867674884816267422e+00	 -1.13880371100178905408e+01	 -1.49411819084609334141e+01
  0.00000000000000000000e+00	 -6.31740330135217220686e+00	 -1.20899921917340691380e+01	 -1.73721490940809673020e+01	 -2.22113615334512246591e+01
  0.00000000000000000000e+00	 -3.46737623339444667181e+00	 -6.83950761629614589765e+00	 -1.01244221414288801952e+01	 -1.33287485740833346881e+01
  0.00000000000000000000e+00	 -2.01865783804052512096e+00	 -3.87833519432604134636e+00	 -5.59577083279788212167e+00	 -7.18527334693446562142e+00
  0.00000000000000000000e+00	 -5.62123345294914145143e+00	 -1.09808638539024343572e+01	 -1.61006218448797540077e+01	 -2.09971864012541118427e+01
  0.00000000000000000000e+00	 -1.21112604425381675810e+00	 -2.49489825017565181042e+00	 -3.81085341206652117307e+00	 -5.11799705770974355801e+00
  0.00000000000000000000e+00	  4.71899101489074723759e+00	  9.82290981546540820091e+00	  1.52953454670705895069e+01	  2.11235039226236978038e+01
  0.00000000000000000000e+00	 -4.26666169479031509582e+00	 -8.36738579296982720734e+00	 -1.23094692671615035806e+01	 -1.60908898189933182721e+01
  0.00000000000000000000e+00	 -1.35813581532436131738e+01	 -2.55427405124825384064e+01	 -3.59747902631368532411e+01	 -4.49628569861429951970e+01
  0.00000000000000000000e+00	  5.22339307720234558019e+00	  1.06173827542007757074e+01	  1.62041532474258787033e+01	  2.20093846783201456674e+01
  0.00000000000000000000e+00	 -1.44185365690198352695e+00	 -2.74823895159605058325e+00	 -3.84262494540514865093e+00	 -4.57119675653758861245e+00
  0.00000000000000000000e+00	  9.92847035675569600244e+00	  2.08643940892581269964e+01	  3.27458255592363087771e+01	  4.55422840703556772723e+01
  0.00000000000000000000e+00	  2.84586448718025053495e+00	  5.89105782345353645724e+00	  9.14644959283749869883e+00	  1.26224098654784455675e+01
  0.00000000000000000000e+00	 -1.65691826287643095839e+00	 -3.23371930760320935860e+00	 -4.72574525584246885046e+00	 -6.12847137735072067244e+00
  0.00000000000000000000e+00	 -2.05499088647042071898e+00	 -3.93212653794823552289e+00	 -5.52515527244523241279e+00	 -6.56286810165444478571e+00
  0.00000000000000000000e+00	 -7.18909936090513213003e+00	 -1.37533021785560976014e+01	 -1.96902963864991562559e+01	 -2.49932801219618028199e+01
  0.00000000000000000000e+00	  3.55037281931680581692e+00	  7.01049564239011147038e+00	  1.03656213474110501238e+01	  1.36015204665362432479e+01
  0.00000000000000000000e+00	 -8.75637462852606063279e+00	 -1.61198069740148355322e+01	 -2.20784654618308593399e+01	 -2.66477624407877726753e+01
  0.00000000000000000000e+00	 -6.58927913453155156276e-01	 -1.57149782303797280747e+00	 -2.73851709830148593028e+00	 -4.16115722514511787722e+00
  0.00000000000000000000e+00	 -2.07559256434153382997e+00	 -3.90410364571008017265e+00	 -5.53606055445817446525e+00	 -7.00552015951546991346e+00
  0.00000000000000000000e+00	 -1.18587161319684923910e+01	 -2.25799847736829519818e+01	 -3.22329695117877363941e+01	 -4.08839622829668698500e+01
  0.00000000000000000000e+00	 -1.23936548408463096393e+01	 -2.34918152803671773654e+01	 -3.33999151601949293422e+01	 -4.22143854542955736520e+01
  0.00000000000000000000e+00	 -2.41491588808557366974e-01	 -2.42380621594648459904e-01	  5.53568749995037023837e-02	  7.97287977249098389620e-01
  0.00000000000000000000e+00	 -1.98259429599922043508e+00	 -3.84645713913012343710e+00	 -5.59848225896348594688e+00	 -7.24506245342966792577e+00
  0.00000000000000000000e+00	 -3.08508858779229910851e+00	 -5.93286420667799063722e+00	 -8.55599787747271989247e+00	 -1.09642410855438328099e+01
  0.00000000000000000000e+00	  1.48472724734985206396e+00	  3.09012431895617112332e+00	  4.81443110600197599069e+00	  6.65639106404915992243e+00
  0.00000000000000000000e+00	  2.85201993685495835962e+00	  5.81366102294282427465e+00	  8.89104407008341013352e+00	  1.20906310780355568113e+01
  0.00000000000000000000e+00	  3.80963621059080992381e-01	  6.04318437946574249509e-01	  6.48284780333312937728e-01	  4.89733653389663459166e-01
  0.00000000000000000000e+00	 -3.02914687648515723595e+00	 -5.57563715473207821560e+00	 -7.60735388856117822343e+00	 -9.09389953901940373271e+00
  0.00000000000000000000e+00	  4.71793894090090759619e+00	  9.59855277938166295826e+00	  1.46479465753647417614e+01	  1.98724601576731458863e+01
  0.00000000000000000000e+00	  1.16415032196823773347e+01	  2.50153296765971902005e+01	  4.03004681027194493481e+01	  5.76911068412342018519e+01
  0.00000000000000000000e+00	  9.24356408108647542576e+00	  1.97731313400507957567e+01	  3.16233336925378836213e+01	  4.48325025799054373010e+01
  0.00000000000000000000e+00	  1.46275174763054849336e+00	  3.02957757833014795779e+00	  4.70500258415758310093e+00	  6.49556024371500484449e+00
  0.00000000000000000000e+00	 -1.14186947346049691987e+01	 -2.18476293968645194354e+01	 -3.12810421312123807525e+01	 -3.97187274872043403207e+01
  0.00000000000000000000e+00	 -1.25385559734437066481e+01	 -2.36335338949572673073e+01	 -3.31163025715368632973e+01	 -4.08880086491194703058e+01
  0.00000000000000000000e+00	  6.83167249499513218325e+00	  1.43353778502408744089e+01	  2.25828354337016605768e+01	  3.16554000220727260739e+01
  0.00000000000000000000e+00	  1.98267911066061515157e+01	  4.34713478818154470673e+01	  7.13147006266429599464e+01	  1.03750093656193726588e+02
  0.00000000000000000000e+00	  4.99418873076791669519e+00	  1.03100295413887295126e+01	  1.59593542380430051253e+01	  2.19560396532880588438e+01
  0.00000000000000000000e+00	 -1.97607557374293207886e+00	 -3.70164593590659762867e+00	 -5.08136678936672581131e+00	 -6.01669393121041196082e+00
  0.00000000000000000000e+00	 -6.60575392047279308372e+00	 -1.29599045448425869154e+01	 -1.90528281466995252913e+01	 -2.48706240470466326542e+01
  0.00000000000000000000e+00	 -4.03249252323034568235e+00	 -7.74869952100569037157e+00	 -1.11014466257448844999e+01	 -1.40453551812687607026e+01
  0.00000000000000000000e+00	  3.93103709332696382717e+00	  8.20301826013320578568e+00	  1.28144637628546860242e+01	  1.77668848659581897209e+01
  0.00000000000000000000e+00	 -6.79782588528325959487e+00	 -1.28700683118555474493e+01	 -1.82796675367988257221e+01	 -2.30912670088532649970e+01
  0.00000000000000000000e+00	  3.65247949307386932105e+00	  7.31004501646162907491e+00	  1.09820102117596860580e+01	  1.46794924560592363605e+01
  0.00000000000000000000e+00	 -4.11030087929377430100e+00	 -8.08733802840542637114e+00	 -1.19354559027543700722e+01	 -1.56587994454800565336e+01
  0.00000000000000000000e+00	 -1.37599880300927992494e+01	 -2.59935117685756011952e+01	 -3.65918423999635678001e+01	 -4.54853036053699213426e+01
  0.00000000000000000000e+00	 -1.57397458344036067501e+00	 -3.04761697420696009431e+00	 -4.35840288745343684695e+00	 -5.37291859240306735046e+00
  0.00000000000000000000e+00	  1.03417087358743060577e+01	  2.21423702253110832316e+01	  3.54563227544007162351e+01	  5.03363534358875455155e+01
  0.00000000000000000000e+00	  1.11835148332706069141e+01	  2.37256445308956642748e+01	  3.77304282715366383627e+01	  5.33163925055834937439e+01
  0.00000000000000000000e+00	  7.78588343077649369661e+00	  1.59605488461974971415e+01	  2.44958875626269190207e+01	  3.33591688527958325494e+01
  0.00000000000000000000e+00	  4.77229695596246017431e+00	  9.43153081061912246241e+00	  1.39030522522585755496e+01	  1.81077846019329058436e+01
  0.00000000000000000000e+00	  3.65833895291490307500e+00	  7.35965389767034139368e+00	  1.10978933721397226009e+01	  1.48690160548789975792e+01
  0.00000000000000000000e+00	  8.97969528101559433253e+00	  1.89473951904801083401e+01	  3.00479699284794321557e+01	  4.24555944007629335601e+01
  0.00000000000000000000e+00	 -9.13916783268568622134e+00	 -1.72261144741675593650e+01	 -2.43673505304795980919e+01	 -3.06551910553050603880e+01
  0.00000000000000000000e+00	 -1.03135490725481844265e+01	 -1.95523153064041395055e+01	 -2.78096165845050791177e+01	 -3.51770760665927753053e+01
  0.00000000000000000000e+00	 -5.28113643249098174692e+00	 -1.04593615483361190854e+01	 -1.55115010326489795034e+01	 -2.04154260712518436094e+01
  0.00000000000000000000e+00	 -6.76545630794736041480e+00	 -1.31033248521478782322e+01	 -1.90452875285813405526e+01	 -2.46192197875292890785e+01
  0.00000000000000000000e+00	  3.90540531571947724387e+00	  7.73339331790688788715e+00	  1.14753323163262876960e+01	  1.51241243061988086538e+01
  0.00000000000000000000e+00	  8.63467522056646430428e+00	  1.85270870991490426150e+01	  2.97434074124127789673e+01	  4.23481844150960995421e+01
  0.00000000000000000000e+00	 -3.79581793135872658240e+00	 -7.33446074255060409541e+00	 -1.06516252012269916349e+01	 -1.37716006377368387348e+01
  0.00000000000000000000e+00	 -1.28319235276525773770e+01	 -2.36296391884343819356e+01	 -3.24684064151444715662e+01	 -3.94841649782507246869e+01
  0.00000000000000000000e+00	 -1.48972010049902507944e+01	 -2.77223225029098756522e+01	 -3.85942672995453364138e+01	 -4.76397103876385159538e+01
  0.00000000000000000000e+00	  1.58278747417415388554e+00	  3.41066512583269343395e+00	  5.72516252786306267808e+00	  9.18814450447180774972e+00
  0.00000000000000000000e+00	  5.91269231384484328373e+00	  1.19491240736225279306e+01	  1.80900932994863126169e+01	  2.43226196005038275416e+01
  0.00000000000000000000e+00	  2.05198517262111579385e+00	  4.39728316788135487059e+00	  7.01474294438322942824e+00	  9.88440067936272726001e+00
  0.00000000000000000000e+00	 -2.04263295451437443262e+00	 -3.66175069339270464752e+00	 -4.84218483090369034016e+00	 -5.56174268650816827630e+00
  0.00000000000000000000e+00	  3.98302393665460385819e+00	  8.14746133271576411516e+00	  1.24894465184077745334e+01	  1.70046577811135932734e+01
  0.00000000000000000000e+00	 -4.45837253579166770123e+00	 -8.30129427471062797395e+00	 -1.15474961620158609321e+01	 -1.42099984967167074501e+01
  0.00000000000000000000e+00	 -1.35506118385374350055e+01	 -2.50882098091043985733e+01	 -3.47208522833629729121e+01	 -4.25838824018212847022e+01
  0.00000000000000000000e+00	 -9.58278694609063563803e-01	 -1.21341110206626012769e+00	 -6.76490496969663013260e-01	  7.86925815678046092216e-01
  0.00000000000000000000e+00	  1.22015099148356114256e+01	  2.55597949671428636975e+01	  4.00925163088170819492e+01	  5.58175191035492872516e+01
  0.00000000000000000000e+00	  1.31151436954074540608e+00	  2.57306471761584987235e+00	  3.78491230018157409631e+00	  4.96399616848316327378e+00
  0.00000000000000000000e+00	  7.89200796292824691136e+00	  1.63537623705737047430e+01	  2.54409864492541117897e+01	  3.52182689002041655613e+01
  0.00000000000000000000e+00	  1.44925529386503626483e+00	  2.62530473647247220015e+00	  3.51930428725687249880e+00	  4.12102760288357217178e+00
  0.00000000000000000000e+00	 -3.98029646597149167064e+00	 -8.07288253025913604688e+00	 -1.22862946437593620885e+01	 -1.66281002931493873120e+01
  0.00000000000000000000e+00	  1.09286087321773095482e+01	  2.31423738044451994256e+01	  3.65625806830482389387e+01	  5.11068573809053106061e+01
  0.00000000000000000000e+00	 -8.06474484750208375772e+00	 -1.53706123157785441435e+01	 -2.20157742708259718256e+01	 -2.80755138131743109398e+01
  0.00000000000000000000e+00	 -1.55911874472698457339e+01	 -2.89079896471978088357e+01	 -4.02127012651886204253e+01	 -4.97455478345554524822e+01
  0.00000000000000000000e+00	 -1.89019879325517337065e+01	 -3.36070949772232552277e+01	 -4.45837868850753693550e+01	 -5.26594434495162246890e+01
  0.00000000000000000000e+00	 -1.27367754817124989586e+00	 -2.26294941580836450612e+00	 -2.68495781081307427485e+00	 -1.51295926726822926867e+00
  0.00000000000000000000e+00	  9.25208324444795948693e-01	  1.90757438461611172897e+00	  2.91276394010887429431e+00	  3.90830922849671935637e+00
  0.00000000000000000000e+00	 -5.87391779203660746589e+00	 -1.16653854898886066849e+01	 -1.73750786146655116227e+01	 -2.30036574026639044632e+01
  0.00000000000000000000e+00	  8.02609774285460275678e+00	  1.60363194419786765366e+01	  2.39594754706896964080e+01	  3.17245966666618954832e+01
  0.00000000000000000000e+00	  6.50705248035772854109e+00	  1.31902039047848802511e+01	  2.00018545321567700057e+01	  2.69007060097777070951e+01
  0.00000000000000000000e+00	 -4.99441943560771051125e+00	 -9.69583856870497129421e+00	 -1.41338300467677271399e+01	 -1.83349327988098451669e+01
  0.00000000000000000000e+00	 -1.38391009280616827937e+01	 -2.52218862385490183442e+01	 -3.44103686203385166209e+01	 -4.16762792413563332161e+01
  0.00000000000000000000e+00	 -1.03050142631855266018e+01	 -1.93449630158513627975e+01	 -2.71763827154674402209e+01	 -3.38335017730244373979e+01
  0.00000000000000000000e+00	  1.14149449069802244594e+00	  2.34493570603416401354e+00	  3.63218155370734052667e+00	  5.03591768993442201463e+00
  0.00000000000000000000e+00	 -8.98808447677917854435e+00	 -1.70431201154027007760e+01	 -2.42482152136526707409e+01	 -3.06799072554931981927e+01
  0.00000000000000000000e+00	 -1.05007520079494724996e+01	 -1.91340006194578791110e+01	 -2.60850560837651528345e+01	 -3.15477464177563717840e+01
  0.00000000000000000000e+00	 -8.79893927578626744435e+00	 -1.70112928335871913532e+01	 -2.46566990249734061535e+01	 -3.17557862202926344253e+01
  0.00000000000000000000e+00	 -6.93511156134019302044e+00	 -1.37027362796210923079e+01	 -2.01421676275812302492e+01	 -2.61031996700108805953e+01
  0.00000000000000000000e+00	  1.03118191776948009419e+01	  2.23554488790171177470e+01	  3.62019715415565457306e+01	  5.19236280961568610337e+01
  0.00000000000000000000e+00	  3.63248140251434392667e+00	  7.17863034519886866747e+00	  1.06405976241422735029e+01	  1.40206233616339233095e+01
  0.00000000000000000000e+00	  2.00036176892376573733e+01	  4.33699339145262143802e+01	  7.03271168079810564677e+01	  1.01096564702853768836e+02
  0.00000000000000000000e+00	 -3.54035199407860545762e-01	 -9.13690667042317272717e-01	 -1.65668184114026928455e+00	 -2.56261490256284218958e+00
  0.00000000000000000000e+00	 -7.82979529477817948191e+00	 -1.49648293169468331598e+01	 -2.11726661804840006198e+01	 -2.62807214633796206726e+01
  0.00000000000000000000e+00	 -9.19589475535823908103e+00	 -1.73908710540792270649e+01	 -2.45115925668408891624e+01	 -3.05154784785055426255e+01
  0.00000000000000000000e+00	  8.23601475567556917667e-01	  1.52564857865247915925e+00	  2.15217932800723588116e+00	  2.75576435314593481962e+00
  0.00000000000000000000e+00	  1.19646890194780723959e+01	  2.55181842189768843809e+01	  4.08603815592631605114e+01	  5.84038275833953406391e+01
  0.00000000000000000000e+00	 -6.94138157323118321074e+00	 -1.36058807512546309226e+01	 -1.99978687982068237261e+01	 -2.61213010853238074560e+01
  0.00000000000000000000e+00	  1.11848687664415251675e+01	  2.33430477375771516790e+01	  3.65604585050052577344e+01	  5.09372455561879604602e+01
  0.00000000000000000000e+00	  1.84545365854685172735e+01	  3.95992746353550018057e+01	  6.35541072266802444801e+01	  9.04399065212744375231e+01
  0.00000000000000000000e+00	  9.24138084099865864118e-01	  2.13576511385116418751e+00	  3.67852548097724252329e+00	  5.59823701279040619738e+00
  0.00000000000000000000e+00	 -1.56989617817160649338e+01	 -2.79945297382288202925e+01	 -3.70979095143007810975e+01	 -4.36947638637411941431e+01
  0.00000000000000000000e+00	  1.24822408180473587436e+00	  2.74987387350697076727e+00	  4.65209385889447446516e+00	  7.29099511678666090120e+00
  0.00000000000000000000e+00	  4.16646873033297993061e+00	  8.59728899719277706026e+00	  1.33538253769907129254e+01	  1.85513836220915777631e+01
  0.00000000000000000000e+00	 -4.77097329127715852337e-01	 -5.68970568081837768659e-01	 -1.84903644537300237971e-01	  7.83577663760610221289e-01
  0.00000000000000000000e+00	  1.07119220813938085257e+01	  2.25434008325731127798e+01	  3.56253840950148088496e+01	  5.01150475664591823488e+01
  0.00000000000000000000e+00	 -3.21840510918464417500e+00	 -6.17229694134873341227e+00	 -8.89739150383600474470e+00	 -1.14239574411989224245e+01
  0.00000000000000000000e+00	  8.33622432470426133477e+00	  1.71782971429676365460e+01	  2.65302550357851458784e+01	  3.63960980500656745562e+01
  0.00000000000000000000e+00	  1.27210258379863319078e+01	  2.72973653199709218597e+01	  4.36871548776817775206e+01	  6.18483575277530377434e+01
  0.00000000000000000000e+00	 -9.43652590792778767081e+00	 -1.79639200823839786381e+01	 -2.55945220237931181373e+01	 -3.23383174944048477073e+01
  0.00000000000000000000e+00	 -9.85157156249462673259e+00	 -1.85816075286465718364e+01	 -2.62760092069374877610e+01	 -3.30184027517364526716e+01
  0.00000000000000000000e+00	 -1.53591240983858341451e+01	 -2.81785957232547872309e+01	 -3.86839343426462534126e+01	 -4.71110382054168326249e+01
  0.00000000000000000000e+00	 -7.04899948546075449940e+00	 -1.34100366093238108078e+01	 -1.90820808202634566442e+01	 -2.40271802575945088165e+01
  0.00000000000000000000e+00	  1.32031874709265224510e+01	  2.78674480168837988003e+01	  4.39098858446510149633e+01	  6.12508204852440627519e+01
  0.00000000000000000000e+00	 -9.45075562612942121632e+00	 -1.80598938829215711621e+01	 -2.59020530180419683575e+01	 -3.30444286832013673916e+01
  0.00000000000000000000e+00	 -4.45478822326691670241e-01	 -5.09118210807315563216e-01	 -1.68127859902796217284e-01	  6.10680210108355936427e-01
  0.00000000000000000000e+00	  6.20915123597113449705e+00	  1.26913436027195132283e+01	  1.94339800610124768809e+01	  2.64258485865357073408e+01
  0.00000000000000000000e+00	  9.59928102210980682685e-01	  2.14883942974600472553e+00	  3.56725595859323618697e+00	  5.22730155580424593609e+00
  0.00000000000000000000e+00	 -9.35606459198379525333e+00	 -1.79602668401261809095e+01	 -2.57126725837790672813e+01	 -3.25323017239544896029e+01
  0.00000000000000000000e+00	  6.25698480331351447603e-01	  1.89118780571271827284e+00	  3.97040533159852770950e+00	  7.16898412626069614362e+00
  0.00000000000000000000e+00	  4.19476541366476851636e+00	  8.55237989312288959809e+00	  1.31328135091331290596e+01	  1.80494047606337488787e+01
  0.00000000000000000000e+00	  3.95808131852278677343e+00	  8.11968296819813417642e+00	  1.25175096752489594110e+01	  1.71954895447834132938e+01
  0.00000000000000000000e+00	  1.90358676293344331043e+00	  3.92200446403968783216e+00	  6.08122131019734979418e+00	  8.42021004279249041247e+00
  0.00000000000000000000e+00	 -5.17266425577624033849e+00	 -1.02369739080767772066e+01	 -1.52105331660559954798e+01	 -2.01126684046967056929e+01
  0.00000000000000000000e+00	  9.19381025235286131192e+00	  1.90723219564220585198e+01	  2.96553388617176096886e+01	  4.09648306997940352403e+01
  0.00000000000000000000e+00	 -9.47052312976533983147e+00	 -1.80734166908878535196e+01	 -2.58631377738677628031e+01	 -3.28955167384355107174e+01
  0.00000000000000000000e+00	  6.46509340127249743091e+00	  1.36441160554718408093e+01	  2.16695405460069565606e+01	  3.07176387544918014783e+01
  0.00000000000000000000e+00	 -1.33139646784859166928e+00	 -2.45532715984684557498e+00	 -3.40818018468087302608e+00	 -4.21874417412470847921e+00
  0.00000000000000000000e+00	  1.44031106116275964268e+00	  3.05320390270078689809e+00	  4.88727924997418483599e+00	  7.02189024499752179054e+00
  0.00000000000000000000e+00	  4.30065670290727553038e+00	  8.98719722635040341174e+00	  1.40383312743029620151e+01	  1.94306211186629980148e+01
  0.00000000000000000000e+00	 -9.46130225783228695491e+00	 -1.79547405188633604212e+01	 -2.55576314010021832246e+01	 -3.23407432842239970228e+01
  0.00000000000000000000e+00	 -6.13931947941786404499e+00	 -1.15935701908164077167e+01	 -1.63235220395345379529e+01	 -2.02933899582599366340e+01
  0.00000000000000000000e+00	 -1.48493676491199124712e+01	 -2.75424079592906423386e+01	 -3.80176969393434873723e+01	 -4.63213936157929140336e+01
  0.00000000000000000000e+00	 -7.61050511100066273684e+00	 -1.43696434676165694100e+01	 -2.02852536191712573554e+01	 -2.53482371239791177686e+01
  0.00000000000000000000e+00	  8.70621370353237011841e+00	  1.83238715142173163031e+01	  2.89222466819456656140e+01	  4.05816878160140817045e+01
  0.00000000000000000000e+00	 -3.89528353665720317167e+00	 -7.71343221604969642158e+00	 -1.14546952397866732554e+01	 -1.51192808894070083170e+01
  0.00000000000000000000e+00	  1.83588736205435054671e+00	  4.20753508507945639394e+00	  7.24753834165768751063e+00	  1.11036070387656451430e+01
  0.00000000000000000000e+00	  5.32660489110760693166e+00	  1.10827177300186008324e+01	  1.73280040814602074306e+01	  2.41444030114803496190e+01
  0.00000000000000000000e+00	  5.22808289519100810594e+00	  1.08964085629495883722e+01	  1.70471656862471832028e+01	  2.37357782896801836614e+01
  0.00000000000000000000e+00	  3.26324028343378813588e-02	  8.74442169957418968806e-01	  2.69269053961205884207e+00	  5.70312702745420097017e+00
  0.00000000000000000000e+00	  1.44262612225568886970e+00	  3.30524178051470585160e+00	  5.66463933523367302314e+00	  8.63525999333634786126e+00
  0.00000000000000000000e+00	  1.69292126547083938704e+01	  3.62507873428384499448e+01	  5.82294358536193641385e+01	  8.31894533250364958121e+01
  0.00000000000000000000e+00	  5.49531764330865257762e+00	  1.12950029152825948131e+01	  1.74135294343435873543e+01	  2.38694864487193569857e+01
  0.00000000000000000000e+00	  6.85332748985288731092e+00	  1.39344014337660269121e+01	  2.12423103757994766738e+01	  2.87783326414246971581e+01
  0.00000000000000000000e+00	 -9.88486602635309452580e+00	 -1.90350901635875686679e+01	 -2.74702981129629932866e+01	 -3.52064285871841491371e+01
  0.00000000000000000000e+00	 -7.60626184602318744510e+00	 -1.49955422899338657317e+01	 -2.21740122726242248063e+01	 -2.91481173931400832089e+01
  0.00000000000000000000e+00	  1.20744428456047643294e+01	  2.60425399860501869398e+01	  4.20508826631405980834e+01	  6.02674342450640239122e+01
  0.00000000000000000000e+00	 -1.28682712183541809736e+01	 -2.43631735773832076575e+01	 -3.45498635371067805977e+01	 -4.34811102715253881001e+01
  0.00000000000000000000e+00	 -1.44294922652445336553e+01	 -2.68895915757855590300e+01	 -3.74766352045124904180e+01	 -4.63054487216415466833e+01
  0.00000000000000000000e+00	 -1.17395604830955306852e+01	 -2.14220290787244209696e+01	 -2.91432537891132739105e+01	 -3.50664568581025122285e+01
  0.00000000000000000000e+00	 -5.38536770924108054714e+00	 -1.04634849338088429249e+01	 -1.52165159791155275570e+01	 -1.96068905145521057420e+01
  0.00000000000000000000e+00	  1.18461074422271082085e+01	  2.50858086673526941013e+01	  3.97148566382621623916e+01	  5.58067326830787777681e+01
  0.00000000000000000000e+00	  5.19932781452324377369e+00	  1.07895410256291341966e+01	  1.67060466342565803188e+01	  2.28725936922287473863e+01
  0.00000000000000000000e+00	  2.53470677773802322008e+00	  5.79096938117753268216e+00	  9.87741230178433227138e+00	  1.49286280169414453667e+01
  0.00000000000000000000e+00	  4.89601544848039793578e+00	  9.65095303475966659335e+00	  1.42026824860709410814e+01	  1.84845500538085900644e+01
  0.00000000000000000000e+00	 -3.50900471335745578472e+00	 -6.71245333101903440820e+00	 -9.61764718579685506938e+00	 -1.22305081864713116602e+01
  0.00000000000000000000e+00	 -2.08257057673438339407e+00	 -3.89503007808731638306e+00	 -5.37317810395978767701e+00	 -6.44552829042348207622e+00
  0.00000000000000000000e+00	 -9.16098016277520343920e+00	 -1.70060067744639411558e+01	 -2.35516270737618782505e+01	 -2.88283879735670041100e+01
  0.00000000000000000000e+00	  1.40098618641391965411e+01	  2.95792357010640216686e+01	  4.67337386112293557971e+01	  6.55079067857780756867e+01
  0.00000000000000000000e+00	 -1.20878166028220022099e+01	 -2.29860292599530566804e+01	 -3.27706323320152890233e+01	 -4.15149710635826636462e+01
  0.00000000000000000000e+00	 -3.74268178825144559596e+00	 -7.17302766067103902969e+00	 -1.02867172255675569659e+01	 -1.30794537376062294243e+01
  0.00000000000000000000e+00	 -1.13262181377255899406e+01	 -2.14858564633177309133e+01	 -3.05570731834777546965e+01	 -3.86175206852774479671e+01
  0.00000000000000000000e+00	  4.74123556376059696049e+00	  9.59525470939826163885e+00	  1.45805331975337537642e+01	  1.97201808346377305270e+01
  0.00000000000000000000e+00	  6.45865820881056151848e+00	  1.33924207748685830666e+01	  2.08603797322681003834e+01	  2.89317621813737844150e+01
  0.00000000000000000000e+00	  4.72089238249637332956e+00	  9.60978105424371165100e+00	  1.47049891152033893604e+01	  2.00479793401295012245e+01
  0.00000000000000000000e+00	  1.64917703969983762136e+01	  3.57053323651860949894e+01	  5.80011804772174883738e+01	  8.37863749495396774591e+01
  0.00000000000000000000e+00	  1.89260854004668033213e+00	  3.82939677675639700283e+00	  5.84634817041327892184e+00	  7.98275790839599608262e+00
  0.00000000000000000000e+00	 -6.80420642396613573055e+00	 -1.34021782329748191387e+01	 -1.96776944760832037673e+01	 -2.55056912550933674311e+01
  0.00000000000000000000e+00	 -1.04845250461098657979e+01	 -2.00249902355921705066e+01	 -2.85961883155816991575e+01	 -3.61795475121047829248e+01
  0.00000000000000000000e+00	  6.80748390739263697924e+00	  1.40142836169903262089e+01	  2.16512384080740787340e+01	  2.97658931360966505508e+01
  0.00000000000000000000e+00	  4.75753027949564000210e+00	  9.64499293711006089325e+00	  1.47286442483171811091e+01	  2.01247144669492854518e+01
  0.00000000000000000000e+00	  1.33238905174014803379e+01	  2.89732049557586748278e+01	  4.73071718666532348152e+01	  6.87397520702454443153e+01
  0.00000000000000000000e+00	 -9.58669030324296045364e+00	 -1.70729432234595890350e+01	 -2.24511052046763666112e+01	 -2.58771753999098450549e+01
  0.00000000000000000000e+00	  2.62571748005129279591e+00	  5.62963662782566132137e+00	  9.10351578815628670327e+00	  1.31545183247598203025e+01
  0.00000000000000000000e+00	 -6.65440413584576617723e+00	 -1.27344841532389381200e+01	 -1.82442734345163444232e+01	 -2.31847296590911327030e+01
  0.00000000000000000000e+00	 -7.98863013596275095551e+00	 -1.47436581359601746044e+01	 -2.01102664262429300379e+01	 -2.39972608553907207352e+01
  0.00000000000000000000e+00	 -5.93043712279856549685e+00	 -1.13472472278838978355e+01	 -1.60732356638632012391e+01	 -1.99068847748878710036e+01
  0.00000000000000000000e+00	  1.27986263904183630302e+01	  2.73212571500922933865e+01	  4.37982106492049325652e+01	  6.24952759161765385443e+01
  0.00000000000000000000e+00	  1.40722571574305277409e+00	  2.81782195578311700501e+00	  4.22343681695086559102e+00	  5.61444514829793206445e+00
  0.00000000000000000000e+00	  5.25200532279482956710e+00	  1.11286722843246081993e+01	  1.77253813349325923809e+01	  2.51573258322876256443e+01
  0.00000000000000000000e+00	 -1.90839068806678824330e+00	 -3.76616435678040772927e+00	 -5.57140376270936599212e+00	 -7.32178295109201826563e+00
  0.00000000000000000000e+00	  1.23839913162651527045e+01	  2.60594917844003646223e+01	  4.11442715130136065227e+01	  5.77815219690102281902e+01
  0.00000000000000000000e+00	  1.16164191951565811678e+01	  2.47582071666592042902e+01	  3.93219274564889786916e+01	  5.51907982774240934987e+01
  0.00000000000000000000e+00	 -9.48001761266397124928e-02	 -9.22409000059900563429e-02	 -1.10292380909555731705e-02	  1.39520444669798848736e-01
  0.00000000000000000000e+00	 -1.48050577182164886381e+01	 -2.71190656221870227682e+01	 -3.69577092358277425888e+01	 -4.44909934045601929142e+01
  0.00000000000000000000e+00	 -1.51526631703828940090e+01	 -2.80038710481784818285e+01	 -3.86518590009094396009e+01	 -4.72435684763843113387e+01
  0.00000000000000000000e+00	 -6.72029557884025052772e+00	 -1.25933751008392249560e+01	 -1.71707588505992987393e+01	 -1.77107786221193919118e+01
  0.00000000000000000000e+00	  1.68162066519087005645e+01	  3.66526414484411731110e+01	  5.97797885918446780806e+01	  8.65111897203758957176e+01
  0.00000000000000000000e+00	  7.64208182251309153799e-02	  2.67542537862581752961e-01	  5.85059992424987740378e-01	  1.04408462864807916048e+00
  0.00000000000000000000e+00	  9.39775274356280476695e+00	  1.94414596087187732110e+01	  3.01935564291954960936e+01	  4.17300419888467359897e+01
  0.00000000000000000000e+00	  1.22365171954406974919e+01	  2.60768119849642232566e+01	  4.17125578152630538398e+01	  5.93621752747827002850e+01
  0.00000000000000000000e+00	 -2.46367922318377452484e+00	 -4.49722270982130112316e+00	 -6.11437082462343539646e+00	 -7.32673967982593410397e+00
  0.00000000000000000000e+00	 -3.80405089297933329817e+00	 -6.54569590139649903904e+00	 -8.11821199575284424554e+00	 -8.41338807846344138852e+00
  0.00000000000000000000e+00	 -1.02808510497125382699e+00	 -1.64113450890108936164e+00	 -1.67494318255511132065e+00	 -7.33539518677503110666e-01
  0.00000000000000000000e+00	  6.18290105623607644247e+00	  1.31595967948772880618e+01	  2.11084537199378843297e+01	  3.02691845815810864906e+01
  0.00000000000000000000e+00	  2.09243716326429307628e+00	  4.56918604258200389268e+00	  7.49129012119175285989e+00	  1.09335196187458478789e+01
  0.00000000000000000000e+00	 -3.61494300929628309405e+00	 -7.08725871724189460110e+00	 -1.04184596002203164744e+01	 -1.36097540374670984420e+01
  0.00000000000000000000e+00	 -1.24968063885124252010e+01	 -2.34135008728315767712e+01	 -3.28036055142429745501e+01	 -4.07366087215236305497e+01
  0.00000000000000000000e+00	 -5.17546039651790579228e-02	  1.12070984738011247828e-01	  5.93859851046076414605e-01	  1.58344375613819465798e+00
  0.00000000000000000000e+00	 -4.01409351187872687206e+00	 -7.76070567820487156041e+00	 -1.11554067013469477843e+01	 -1.40827630359872415511e+01
  0.00000000000000000000e+00	  7.81106410201394396609e+00	  1.60134037837167966245e+01	  2.45977041230442807773e+01	  3.35545373253374492606e+01
  0.00000000000000000000e+00	 -1.32290235503463549094e+01	 -2.47902826395363291567e+01	 -3.48430709415748225410e+01	 -4.35373739889672748404e+01
  0.00000000000000000000e+00	 -5.23817861108852866892e-01	 -1.23418017535871626933e+00	 -2.14055354916720830261e+00	 -3.25189640254342293701e+00
  0.00000000000000000000e+00	  2.16620271914398188073e+00	  4.44713598315793490201e+00	  6.83940683536506810469e+00	  9.34024306307715335151e+00
  0.00000000000000000000e+00	  4.53190950433992156832e-01	  9.03220005713507134715e-01	  1.35233562643284699334e+00	  1.80278282441069848119e+00
  0.00000000000000000000e+00	  1.36033430560672030651e+01	  2.89383872078800692407e+01	  4.60110130395048457785e+01	  6.48203521169374567990e+01
  0.00000000000000000000e+00	  5.26175188711425789734e+00	  1.07687837220193500798e+01	  1.64851578541272658640e+01	  2.23763039604562408158e+01
  0.00000000000000000000e+00	 -1.72226328403567947589e+01	 -3.16666617093393014670e+01	 -4.35663578617016398198e+01	 -5.31618436655205286456e+01
  0.00000000000000000000e+00	 -1.19072770791670166091e+01	 -2.19952493679793548154e+01	 -3.04347662068635855803e+01	 -3.73972562957920686699e+01
  0.00000000000000000000e+00	  1.64123537909658523404e+00	  3.41746746663784506381e+00	  5.36060007195892751497e+00	  7.51894333527023661645e+00
  0.00000000000000000000e+00	  9.85345329866268571095e+00	  2.09351511053362173698e+01	  3.32616253465391338295e+01	  4.68425723636412243422e+01
  0.00000000000000000000e+00	 -9.18751022163192487824e-01	 -1.80682223668459585042e+00	 -2.66501543919338246269e+00	 -3.49359712829701152259e+00
  0.00000000000000000000e+00	 -3.85790952247457141766e+00	 -6.66837905595330937558e+00	 -8.40713723530750201007e+00	 -9.04996863140273433146e+00
  0.00000000000000000000e+00	 -1.02808386369811728400e+01	 -1.93398711359889290406e+01	 -2.72485300666862002572e+01	 -3.40799311158795390497e+01
  0.00000000000000000000e+00	 -5.86769047771568352800e-01	 -1.16176794654599291334e+00	 -1.73687855127157320112e+00	 -2.32173933810591393012e+00
  0.00000000000000000000e+00	  1.92206337533183102551e+00	  3.70902458353521069512e+00	  5.35017713810788109186e+00	  6.83545864462271879347e+00
  0.00000000000000000000e+00	 -1.06480576063027712053e+01	 -1.92522561352316614602e+01	 -2.59627997462116439920e+01	 -3.09316689295060243126e+01
  0.00000000000000000000e+00	  1.67554419001011467572e+00	  3.25838326494618968354e+00	  4.75147007613905714152e+00	  6.15783441287344146531e+00
  0.00000000000000000000e+00	  2.49047141460543741687e+00	  5.11757091547192999315e+00	  7.83227357374157406866e+00	  1.05908646069067060580e+01
  0.00000000000000000000e+00	 -9.80568142904438388996e+00	 -1.88169397414138614977e+01	 -2.70833731571668181459e+01	 -3.46512510791915886443e+01
  0.00000000000000000000e+00	 -6.79095708140977194489e+00	 -1.30716886748560199294e+01	 -1.88934471193768729336e+01	 -2.43003819317488449769e+01
  0.00000000000000000000e+00	  3.63020886481528748391e+00	  7.42548711038450903743e+00	  1.13669278935481941062e+01	  1.54361319637279450490e+01
  0.00000000000000000000e+00	 -1.24201640267293100806e+00	 -2.38257013677538509455e+00	 -3.43621956995350785746e+00	 -4.41503693454006906904e+00
  0.00000000000000000000e+00	 -8.81526173606161478347e-01	 -1.24443428797363253580e+00	 -1.05409667544257956706e+00	 -2.73166303974093693796e-01
  0.00000000000000000000e+00	 -1.18017391031120837397e+01	 -2.22418770658627806824e+01	 -3.14400306635742481376e+01	 -3.95090857458654980405e+01
  0.00000000000000000000e+00	  6.50042769066615733209e+00	  1.36678717992815563775e+01	  2.15198298981435272026e+01	  3.00724474651698443495e+01
  0.00000000000000000000e+00	 -1.03224467071122205653e+00	 -2.01797405797242390690e+00	 -2.93138740700970856778e+00	 -3.72625181432653107549e+00
  0.00000000000000000000e+00	 -2.63206781570316650232e+00	 -5.24897257078389145590e+00	 -7.78373926299367724368e+00	 -1.01677439526159929528e+01
  0.00000000000000000000e+00	  2.51933850796146430184e+00	  5.00578141433526013770e+00	  7.45557912952405388296e+00	  9.86467823146820421698e+00
  0.00000000000000000000e+00	  2.59727758560686083911e+00	  5.30361521735460428317e+00	  8.12446836699962204875e+00	  1.10658684139764886822e+01
  0.00000000000000000000e+00	  1.16563816184558675104e+01	  2.45583230174187718831e+01	  3.88152840156870553301e+01	  5.45484648428915619434e+01
  0.00000000000000000000e+00	 -1.01984671936922381974e+01	 -1.94030848732985674587e+01	 -2.76772815014533790645e+01	 -3.50775068916049193035e+01
  0.00000000000000000000e+00	 -5.66344265402614155391e+00	 -1.08843615501786672439e+01	 -1.56598679804432094897e+01	 -1.99890797832449891303e+01
  0.00000000000000000000e+00	 -6.02448086296885776392e+00	 -1.13716364408021632926e+01	 -1.59647324229816263141e+01	 -1.97413678403564887276e+01
  0.00000000000000000000e+00	  9.92119372444615521545e+00	  2.10525502327674303160e+01	  3.35472008768688993996e+01	  4.75997802070308040356e+01
  0.00000000000000000000e+00	  1.41269368074970742555e+01	  2.96231818723117470427e+01	  4.64213140508270356577e+01	  6.44509515672418302756e+01
  0.00000000000000000000e+00	 -2.32573663136534491969e-01	 -3.80980164856723035882e-01	 -4.50132820359826268941e-01	 -4.44297986649814902194e-01
  0.00000000000000000000e+00	  5.73421685217823551284e+00	  1.18744402474740127218e+01	  1.85291095525857940629e+01	  2.58833614777387168715e+01
  0.00000000000000000000e+00	 -4.11946553047155816785e+00	 -7.83032673174500359892e+00	 -1.12060315449914327246e+01	 -1.43014830288843057815e+01
  0.00000000000000000000e+00	  1.16634179609381192222e+01	  2.46401886424539497966e+01	  3.90650515387439298820e+01	  5.50885727970422607314e+01
  0.00000000000000000000e+00	  8.34168538882909160748e+00	  1.70116001177381690468e+01	  2.59986095125102991688e+01	  3.52916600131726312384e+01
  0.00000000000000000000e+00	 -2.19903480565525910606e+00	 -3.88889620401208446765e+00	 -5.03487014229263252219e+00	 -5.60502766255783058114e+00
  0.00000000000000000000e+00	  6.59267290091743518587e+00	  1.33399841638625815676e+01	  2.02716585219154268316e+01	  2.74413177503820548964e+01
  0.00000000000000000000e+00	  6.97556182829858073546e+00	  1.50236647392934941081e+01	  2.42096925992575222608e+01	  3.46047710455087695891e+01
  0.00000000000000000000e+00	 -7.57059282496638275006e+00	 -1.43517210350072446090e+01	 -2.03686007341983525976e+01	 -2.56497544495979497015e+01
  0.00000000000000000000e+00	 -8.58751351099050452831e+00	 -1.66564289899644961679e+01	 -2.42103548701494872830e+01	 -3.12526220047592033779e+01
  0.00000000000000000000e+00	  4.31312549856565397022e+00	  8.88918155936704579290e+00	  1.37482878663351044679e+01	  1.89125348400780808333e+01
  0.00000000000000000000e+00	 -9.88595923914914465058e+00	 -1.88600842639648220711e+01	 -2.69537017152449180912e+01	 -3.41943773892225948430e+01
  0.00000000000000000000e+00	 -3.04003602249295568072e+00	 -5.84775871235120803249e+00	 -8.42304436058341821081e+00	 -1.07649478591787612913e+01
  0.00000000000000000000e+00	 -9.78706793248029782717e+00	 -1.86610828538899653495e+01	 -2.66702729089126080453e+01	 -3.38595421345498763799e+01
  0.00000000000000000000e+00	 -4.02756659163615893249e+00	 -7.82764440804942296381e+00	 -1.14049093315466194554e+01	 -1.47642045163361359528e+01
  0.00000000000000000000e+00	  5.28071459987467051178e+00	  1.10395230798378918280e+01	  1.73260907126352776686e+01	  2.42003678426046207051e+01
  0.00000000000000000000e+00	  3.30800589829036084666e+00	  6.66880545239109778777e+00	  1.00697989332577009236e+01	  1.34987013802270610086e+01
  0.00000000000000000000e+00	  4.01412419931321551303e+00	  8.12411702231067067714e+00	  1.23216107879204628262e+01	  1.65979474276770133656e+01
  0.00000000000000000000e+00	  6.92470354663281284502e+00	  1.45287890381753612701e+01	  2.28957850509963094510e+01	  3.21229765479420166230e+01
  0.00000000000000000000e+00	  3.57232170997181697203e+00	  7.26129898148562347160e+00	  1.10810698100999758253e+01	  1.50487245702699823369e+01
  0.00000000000000000000e+00	  2.19732520012490795125e+00	  4.59661091658460918552e+00	  7.22560106031492921375e+00	  1.01175854513550689262e+01
  0.00000000000000000000e+00	  5.91092208003574626218e+00	  1.21477027580247636251e+01	  1.87569263061384958746e+01	  2.57987818174873666521e+01
  0.00000000000000000000e+00	  1.09896816497010263447e+00	  2.04749351410586655220e+00	  2.80870016540050926324e+00	  3.34724241012989409683e+00
  0.00000000000000000000e+00	 -4.31238736519459564533e+00	 -8.18834906450392452371e+00	 -1.15844418053569171434e+01	 -1.44320228920691420171e+01
  0.00000000000000000000e+00	  4.45737684390854838057e+00	  9.16664343478807097654e+00	  1.42784390478655183188e+01	  2.02356492048634777348e+01
  0.00000000000000000000e+00	  1.53009772131347574486e+01	  3.24333087206888279752e+01	  5.15239808621330581673e+01	  7.27188875150167035599e+01
  0.00000000000000000000e+00	 -5.07203121886009000718e+00	 -1.00094310955152820952e+01	 -1.48267910724081843910e+01	 -1.95368647747547754534e+01
  0.00000000000000000000e+00	  1.53329515061979293478e+00	  3.12999395367191368678e+00	  4.77081269484875747366e+00	  6.44165216321864875226e+00
  0.00000000000000000000e+00	 -8.84281184462824398906e+00	 -1.65149446519605334061e+01	 -2.29357755132753879934e+01	 -2.80521035246326562174e+01
  0.00000000000000000000e+00	 -2.65796600520687320568e+00	 -5.14009462968867580912e+00	 -7.45915776175861822139e+00	 -9.62872991713231840549e+00
  0.00000000000000000000e+00	  1.73224435240675234127e+00	  3.53488521619588880185e+00	  5.40284423610542319238e+00	  7.33087846079172322789e+00
  0.00000000000000000000e+00	  2.18148642648444024417e+00	  4.46146713649814330438e+00	  6.82352949181436940762e+00	  9.25766674997963434635e+00
  0.00000000000000000000e+00	  7.81406627306134282662e+00	  1.62544401108602158956e+01	  2.53230944902960999343e+01	  3.50222384001476285675e+01
  0.00000000000000000000e+00	 -3.62492132139877298869e+00	 -7.30699876077250110029e+00	 -1.10258316604153634444e+01	 -1.47554753102811986309e+01
  0.00000000000000000000e+00	  1.01242232080839187347e+01	  2.15841722326132128273e+01	  3.43437466733482636982e+01	  4.83644551637004127542e+01
  0.00000000000000000000e+00	  4.05713196919535334928e-01	  5.58237809425648379147e-01	  4.57172356854997019582e-01	  1.01655388219313636000e-01
  0.00000000000000000000e+00	  2.40406843088801736030e+00	  5.28380166333288059377e+00	  8.95705259588856961273e+00	  1.43712160158638653229e+01
  0.00000000000000000000e+00	  1.30687592561870076224e+01	  2.74242856079773389411e+01	  4.31483497794826718064e+01	  6.03290396889784830137e+01
  0.00000000000000000000e+00	  1.38050683478143838556e+01	  2.91497449551584537630e+01	  4.61766800697160277878e+01	  6.50456548410896999712e+01
  0.00000000000000000000e+00	  4.56246455899091074571e-01	  1.11596566304064026554e+00	  1.97546133836914350468e+00	  3.03542713738931979606e+00
  0.00000000000000000000e+00	  2.10876902026193135953e+00	  4.35175995536633308802e+00	  6.73768488942253895857e+00	  9.27598934528475638217e+00
  0.00000000000000000000e+00	  3.33832170873894540364e+00	  6.94953198916293501952e+00	  1.08577139432674414365e+01	  1.50923595668482164456e+01
  0.00000000000000000000e+00	 -1.36174990530111017506e+00	 -2.59760844577149896395e+00	 -3.70397880791645661702e+00	 -4.67648501964201557257e+00
  0.00000000000000000000e+00	 -2.74819873018351756855e+00	 -5.39807418820777229485e+00	 -7.95483982433196956663e+00	 -1.04234408999394219109e+01
  0.00000000000000000000e+00	 -5.18094723780635035837e-01	 -1.15410085655705074714e+00	 -1.89001619807717702315e+00	 -2.70901908684301417907e+00
  0.00000000000000000000e+00	  3.47923203780949563679e+00	  7.37625551185983852065e+00	  1.16594777972513696795e+01	  1.62982456678947187356e+01
  0.00000000000000000000e+00	 -4.56114792439259986168e+00	 -8.97118051932024229700e+00	 -1.32355777238603877777e+01	 -1.73596357014982771716e+01
  0.00000000000000000000e+00	 -1.00745813873488003765e+01	 -1.87356351160681384727e+01	 -2.61261979167503142207e+01	 -3.23808466648123598475e+01
  0.00000000000000000000e+00	 -7.98617524183399041249e+00	 -1.47328503842838358651e+01	 -2.02364990273081417627e+01	 -2.44438309012949872567e+01
  0.00000000000000000000e+00	 -1.36084625088594179942e+00	 -2.61893830136216365645e+00	 -3.76919022989761742792e+00	 -4.79996889604247201078e+00
  0.00000000000000000000e+00	  1.23984541946057476025e+01	  2.57631712209838070748e+01	  4.00776142847330305585e+01	  5.53225080062015166504e+01
  0.00000000000000000000e+00	  1.37922585050975499144e+01	  2.86434950306569788836e+01	  4.43608861896673687397e+01	  6.07566462071256552235e+01
  0.00000000000000000000e+00	 -6.22315527748044416967e+00	 -1.18942823922307212570e+01	 -1.70638207793863188044e+01	 -2.17769779967944856480e+01
  0.00000000000000000000e+00	 -1.63799656406341824777e+01	 -2.96779803029430979677e+01	 -4.02617925238036988844e+01	 -4.85264806145596025999e+01
  0.00000000000000000000e+00	 -4.68174753959875999954e+00	 -9.05665090122015215002e+00	 -1.31248981284606003328e+01	 -1.68777994058289095847e+01
  0.00000000000000000000e+00	  2.13719332151121932384e+00	  4.35325662276309799381e+00	  6.57346809225225570117e+00	  8.73060364770604735440e+00
  0.00000000000000000000e+00	  6.85344405424447700170e+00	  1.39583721106486251529e+01	  2.13292530696542428359e+01	  2.89959308487997731163e+01
  0.00000000000000000000e+00	  4.30163728707479720015e+00	  8.82634170259335348874e+00	  1.35296866681052989634e+01	  1.83692283873806587735e+01
  0.00000000000000000000e+00	 -3.58445887258478990134e+00	 -6.81059809182993092236e+00	 -9.65707610405149807775e+00	 -1.20861659577301452373e+01
  0.00000000000000000000e+00	  7.58504047101354217375e+00	  1.60178703584632415868e+01	  2.53581767309792809328e+01	  3.56648749776108644483e+01
  0.00000000000000000000e+00	 -3.65544225726648619457e+00	 -7.32100225027519968535e+00	 -1.10032047454148340648e+01	 -1.47081372109610981624e+01
  0.00000000000000000000e+00	  4.24812133722123519419e+00	  8.63884589102184463627e+00	  1.31771973214121089768e+01	  1.78684562940367186457e+01
  0.00000000000000000000e+00	  1.51681657178674100805e+01	  3.16263853810019242019e+01	  4.92604035518957772410e+01	  6.79612949509656658620e+01
  0.00000000000000000000e+00	  1.64095684294839827544e+00	  3.32957867249830030687e+00	  5.05404003585185535030e+00	  6.80682437581160115769e+00
  0.00000000000000000000e+00	 -8.93994473043453297123e+00	 -1.65403395303215035028e+01	 -2.28723877702524589495e+01	 -2.80243013062626431520e+01
  0.00000000000000000000e+00	 -9.91552709289319977870e+00	 -1.86403422404018073166e+01	 -2.62366349893135861748e+01	 -3.27457369327320861885e+01
  0.00000000000000000000e+00	 -7.37336661759850642284e+00	 -1.43146509172725728831e+01	 -2.08083118666374673467e+01	 -2.68427723779592355413e+01
  0.00000000000000000000e+00	 -4.81582072848290465572e+00	 -9.61106960515947150725e+00	 -1.43272860739271266084e+01	 -1.89118206621337634488e+01
  0.00000000000000000000e+00	 -3.60610261451472524641e+00	 -7.14529042109428758067e+00	 -1.05930508903465465664e+01	 -1.39051970132607323194e+01
  0.00000000000000000000e+00	 -8.11326431481531074041e+00	 -1.54629264750775803350e+01	 -2.21365734193925192130e+01	 -2.82092829130576348007e+01
  0.00000000000000000000e+00	  1.03160971586726901705e+01	  2.19572135933226491034e+01	  3.51018847620114371466e+01	  4.99692345573857465979e+01
  0.00000000000000000000e+00	  1.14835585122382894951e+01	  2.42344494340764953222e+01	  3.83522683086244597916e+01	  5.39390567639107842979e+01
  0.00000000000000000000e+00	  5.35987638763673146514e+00	  1.07733459924830015098e+01	  1.62142895566828144638e+01	  2.16556043422310295909e+01
  0.00000000000000000000e+00	  7.22935951343245619682e+00	  1.49646501161479648090e+01	  2.32550483871136322023e+01	  3.21588384130370172898e+01
  0.00000000000000000000e+00	 -3.97206303777736025040e+00	 -7.99690515933366441459e+00	 -1.20557575610170175651e+01	 -1.61215155733261923388e+01
  0.00000000000000000000e+00	 -7.44525796470576040065e+00	 -1.37723804256433481896e+01	 -1.90569368710416853219e+01	 -2.33810643880787409898e+01
  0.00000000000000000000e+00	  4.10980676659306709553e+00	  8.63446348320303513901e+00	  1.37845237951355130690e+01	  2.01403462975238056742e+01
  0.00000000000000000000e+00	  1.49156384305619695851e+01	  3.19515440752435893046e+01	  5.11369524837275406526e+01	  7.24965888978816082044e+01
  0.00000000000000000000e+00	  1.70894111016626908395e+01	  3.64967736575276404665e+01	  5.83561437608236843744e+01	  8.28119485183759849178e+01
  0.00000000000000000000e+00	 -1.45487177817497581600e+00	 -2.84929509300576455644e+00	 -4.22714510670019194549e+00	 -5.61979526900722703431e+00
  0.00000000000000000000e+00	 -5.76550129867115401794e+00	 -1.13573240534019106462e+01	 -1.67468234892382241696e+01	 -2.19040085120124388141e+01
  0.00000000000000000000e+00	 -1.73634356970966052813e+00	 -3.13359662957110174375e+00	 -4.16732815101147480163e+00	 -4.81239623885896605771e+00
  0.00000000000000000000e+00	  2.45645019109292661597e+00	  5.32138222045253428405e+00	  8.59303637599697367477e+00	  1.22726850263002376096e+01
  0.00000000000000000000e+00	 -3.79815743071209510617e+00	 -7.40838269840301677505e+00	 -1.08279912776605158342e+01	 -1.40546951372099613309e+01
  0.00000000000000000000e+00	  5.09811908888198672685e+00	  1.08658660625226843877e+01	  1.73388800469727470954e+01	  2.45588758007231149350e+01
  0.00000000000000000000e+00	  1.56617406188518799581e+01	  3.35299246198461986523e+01	  5.37006122965876642184e+01	  7.62726705096404913320e+01
  0.00000000000000000000e+00	  1.60200458921947586077e+00	  3.80866100378518979142e+00	  6.59567763301842546753e+00	  9.94999516348931933862e+00
  0.00000000000000000000e+00	 -1.10627527899313520265e+01	 -2.10058884306885289561e+01	 -2.98508847381178270552e+01	 -3.76237255908959014050e+01
  0.00000000000000000000e+00	 -1.35298752114412934588e+00	 -2.73387244860620626241e+00	 -4.12589673174942106471e+00	 -5.51021722584026463210e+00
  0.00000000000000000000e+00	 -7.37067722808318137595e+00	 -1.42623710185209233714e+01	 -2.07123540220006532309e+01	 -2.67536274542402310317e+01
  0.00000000000000000000e+00	 -1.71512502298786273514e+00	 -3.69043621140428967919e+00	 -5.92206955109942612125e+00	 -8.40817387749697786603e+00
  0.00000000000000000000e+00	  3.87760726732284410900e+00	  7.66329494773762576187e+00	  1.13691183497183203599e+01	  1.50085470616057108373e+01
  0.00000000000000000000e+00	 -9.56991604867955913960e+00	 -1.77158972647412298329e+01	 -2.43881117763993415792e+01	 -2.95710051780689013867e+01
  0.00000000000000000000e+00	  8.96265478559207906528e+00	  1.90473763031223342068e+01	  3.07015673830576929504e+01	  4.52580698759481521165e+01
  0.00000000000000000000e+00	  1.81532211562819014716e+01	  3.91853484919987380408e+01	  6.34472111188017748873e+01	  9.13295863359130777326e+01
  0.00000000000000000000e+00	  2.34935859438224667883e+01	  5.19566359913741422361e+01	  8.57688714172994224327e+01	  1.25320144857446351239e+02
  0.00000000000000000000e+00	  1.44117997532869424049e+00	  2.99069149991045435399e+00	  4.61455630809349770516e+00	  6.29146391499214985288e+00
  0.00000000000000000000e+00	 -8.31655792733499765745e-01	 -1.53111106365570037724e+00	 -2.05729338418537111011e+00	 -2.36659385174500869198e+00
  0.00000000000000000000e+00	  5.95705814631784846824e+00	  1.19979611539066013393e+01	  1.81234273323851198256e+01	  2.43341883924415327556e+01
  0.00000000000000000000e+00	 -7.97071621709775968156e+00	 -1.58148797247637986629e+01	 -2.34616002639128851115e+01	 -3.08405588347829322515e+01
  0.00000000000000000000e+00	 -6.27761908208415775334e+00	 -1.22673293560550717984e+01	 -1.79063698725162225855e+01	 -2.31292332085205458725e+01
  0.00000000000000000000e+00	  5.32162375056111613958e+00	  1.10121427606704429536e+01	  1.71262564981751381765e+01	  2.37435057622709564384e+01
  0.00000000000000000000e+00	  1.65630254328092405558e+01	  3.61309022125142149662e+01	  5.90029429474103466191e+01	  8.55009714643064029360e+01
  0.00000000000000000000e+00	  1.16370702192638759698e+01	  2.46788055700416606442e+01	  3.92011991749208306146e+01	  5.52825006949101549480e+01
  0.00000000000000000000e+00	 -1.09470983169383373479e+00	 -2.15340128643781270057e+00	 -3.18381120802921202539e+00	 -4.19150170950817368976e+00
  0.00000000000000000000e+00	  1.00117118790656149940e+01	  2.11462657186458500291e+01	  3.35130878650479928638e+01	  4.72340576922976680407e+01
  0.00000000000000000000e+00	  1.25511082592558409488e+01	  2.73360394610468233623e+01	  4.45405776407271929429e+01	  6.43538398968855887006e+01
  0.00000000000000000000e+00	  9.40415085106040748997e+00	  1.94311042666151223557e+01	  3.00973939936354355495e+01	  4.14184740750965687539e+01
  0.00000000000000000000e+00	  6.93705308497028738657e+00	  1.37085469308888434625e+01	  2.01466387454363058396e+01	  2.60841169943051909286e+01
  0.00000000000000000000e+00	 -8.65103237853899997845e+00	 -1.57138822704146434717e+01	 -2.12656865167525666038e+01	 -2.53941277608569464519e+01
  0.00000000000000000000e+00	 -3.72084041092864481470e+00	 -7.53189857645273264097e+00	 -1.14348111722266168044e+01	 -1.54309251835933451957e+01
  0.00000000000000000000e+00	 -1.68773817743206677733e+01	 -3.08762715045321414209e+01	 -4.22624185439954658250e+01	 -5.13379186043603112921e+01
  0.00000000000000000000e+00	  1.24027833514432472839e-01	 -8.67106873683098910988e-03	 -4.27389295497775378863e-01	 -1.16422847948609842206e+00
  0.00000000000000000000e+00	  8.26640982314135897013e+00	  1.66990892047111856300e+01	  2.50217555445311603535e+01	  3.29554145800619835427e+01
  0.00000000000000000000e+00	  1.01074893035135033870e+01	  2.10277489532799251037e+01	  3.26556613763594896227e+01	  4.48815306719112783185e+01
  0.00000000000000000000e+00	 -9.86854384490484903836e-01	 -2.17561891748869129515e+00	 -3.60271258794375626167e+00	 -5.30283063753880412605e+00
  0.00000000000000000000e+00	 -1.05059843509862247402e+01	 -1.96563521000824152907e+01	 -2.75445397908895444061e+01	 -3.42640335711857275669e+01
  0.00000000000000000000e+00	  7.22311129085910863523e+00	  1.47333492404821129185e+01	  2.25367504374510616572e+01	  3.06401016198040139216e+01
  0.00000000000000000000e+00	 -1.02860145001057929903e+01	 -1.97383090620944869897e+01	 -2.84143854204811816544e+01	 -3.63654589575121534040e+01
  0.00000000000000000000e+00	 -1.58853689226501444409e+01	 -2.93271193523922022450e+01	 -4.04620773223334211366e+01	 -4.94554946880739052517e+01
  0.00000000000000000000e+00	 -6.78436376453035450140e-01	 -1.15131801617293660911e+00	 -1.45722765019746702819e+00	 -1.63303091657940058212e+00
  0.00000000000000000000e+00	  1.91943834322646864621e+01	  4.19292832856643968853e+01	  6.82260824045096541113e+01	  9.80918932001164733947e+01
  0.00000000000000000000e+00	 -1.07313626914726967243e+00	 -2.01847760520287522468e+00	 -2.86726412762284610380e+00	 -3.64161133033373118906e+00
  0.00000000000000000000e+00	 -3.93903111766350377820e+00	 -7.67495660790106626337e+00	 -1.12250451068419181411e+01	 -1.46023492078577845632e+01
  0.00000000000000000000e+00	  7.84217658448497445534e-01	  1.80642036451676801789e+00	  3.00379395017394301703e+00	  4.31787254576718737553e+00
  0.00000000000000000000e+00	 -9.70323918651249073264e+00	 -1.84930505112273095847e+01	 -2.64523521041857918590e+01	 -3.36541811118456237750e+01
  0.00000000000000000000e+00	  3.52525613303008356070e+00	  7.40782743922724762342e+00	  1.17082476073526038363e+01	  1.64996536650653240486e+01
  0.00000000000000000000e+00	 -7.83450641927765900618e+00	 -1.51716100576728933902e+01	 -2.20159551722010604635e+01	 -2.83727513318160617928e+01
  0.00000000000000000000e+00	 -1.08253822900086049685e+01	 -1.97195052069048415433e+01	 -2.66598557382689307360e+01	 -3.16638314517867058839e+01
  0.00000000000000000000e+00	  1.03697467396482920776e+01	  2.17262777213490352324e+01	  3.41969783333139929482e+01	  4.81314668929554017041e+01
  0.00000000000000000000e+00	  1.10623428018751326363e+01	  2.34288359462449733428e+01	  3.71976933932816251627e+01	  5.24726091601061028769e+01
  0.00000000000000000000e+00	  1.81349818450178048579e+01	  3.93036247936416174298e+01	  6.37933679707980303419e+01	  9.19288529158518912254e+01
  0.00000000000000000000e+00	  7.75468510250941278628e+00	  1.62443531323892500495e+01	  2.55067591319187556564e+01	  3.55867641984102220931e+01
  0.00000000000000000000e+00	 -1.16595791952489378218e+01	 -2.16996779355972790881e+01	 -3.00649427743551527215e+01	 -3.67583384899863858664e+01
  0.00000000000000000000e+00	  1.03754649243531957836e+01	  2.17683624427216670938e+01	  3.42824240147907488563e+01	  4.80340050892980201525e+01
  0.00000000000000000000e+00	  8.13194960397694899257e-01	  1.98750460723394439810e+00	  3.52315116491233482066e+00	  5.42684586786685940751e+00
  0.00000000000000000000e+00	 -5.92219098185287862179e+00	 -1.15422747735110391432e+01	 -1.68440338928932789031e+01	 -2.18104549198294392909e+01
  0.00000000000000000000e+00	 -7.14821578298185045242e-01	 -1.13900182991837084501e+00	 -1.16206910659022355503e+00	 -4.82549304006468560146e-01
  0.00000000000000000000e+00	  9.99748025486449876098e+00	  2.05193203303037847718e+01	  3.14438491826355743797e+01	  4.26458689716265695324e+01
  0.00000000000000000000e+00	 -1.01495036457350806813e-01	  2.36042549898854758794e-01	  9.45275084007448640477e-01	  1.97031506397894418114e+00
  0.00000000000000000000e+00	 -4.06569357107045448174e+00	 -8.02153281067876378074e+00	 -1.18778489580882364862e+01	 -1.56391318424647209895e+01
  0.00000000000000000000e+00	 -3.77913473632172269845e+00	 -7.39788626221796619120e+00	 -1.08702959245204766603e+01	 -1.42069498438480081859e+01
  0.00000000000000000000e+00	 -1.80685512866703845702e+00	 -3.53002116563568790752e+00	 -5.17912536485711427758e+00	 -6.76138662751641561499e+00
  0.00000000000000000000e+00	  5.29727539651902645801e+00	  1.07343677405520878665e+01	  1.63256704081983059496e+01	  2.20849578654585627646e+01
  0.00000000000000000000e+00	 -8.52538116868791462366e+00	 -1.63923582107775160921e+01	 -2.35987109580470217907e+01	 -3.01146245256974864901e+01
  0.00000000000000000000e+00	  1.03914018366306493135e+01	  2.17558462434533055330e+01	  3.41445076457884653109e+01	  4.76076491017080201118e+01
  0.00000000000000000000e+00	 -5.85445704582933501570e+00	 -1.11809639150384185768e+01	 -1.60470217418776428531e+01	 -2.05085790945479971015e+01
  0.00000000000000000000e+00	  1.58552578662049370450e+00	  3.48601222458478332555e+00	  5.78226515606348812071e+00	  8.58398255697481715742e+00
  0.00000000000000000000e+00	 -1.29975274792774087018e+00	 -2.48123444436885165487e+00	 -3.56062959907214349187e+00	 -4.55009638295005913733e+00
  0.00000000000000000000e+00	 -3.89574352460287798294e+00	 -7.37002142805560822580e+00	 -1.04091285659200138980e+01	 -1.30028204452146098902e+01
  0.00000000000000000000e+00	  1.05163657443341094222e+01	  2.21909215350693074242e+01	  3.51550422219320779504e+01	  4.95971947772034837953e+01
  0.00000000000000000000e+00	  6.78538477588783450756e+00	  1.41795994399278413312e+01	  2.21477647913526851653e+01	  3.06575017275677623729e+01
  0.00000000000000000000e+00	  1.69071838411068853247e+01	  3.57576655278495394441e+01	  5.64291124691979320005e+01	  7.87951242544633174703e+01
  0.00000000000000000000e+00	  8.47845644134135056902e+00	  1.78464959052808183060e+01	  2.81289500173143949269e+01	  3.93528557896855915033e+01
  0.00000000000000000000e+00	 -7.85602587669731633468e+00	 -1.49170611024856896165e+01	 -2.12336238566251580551e+01	 -2.68526423069110649067e+01
  0.00000000000000000000e+00	  3.97270692252500623454e+00	  8.02316347774826965633e+00	  1.21517320024401840328e+01	  1.63588092698149125681e+01
  0.00000000000000000000e+00	 -1.42060830611414701252e+00	 -2.53638760343109481710e+00	 -3.44928921575215952089e+00	 -4.25394484192233335307e+00
  0.00000000000000000000e+00	 -4.93847848888464113770e+00	 -9.51321280194736118574e+00	 -1.37293075202039034366e+01	 -1.75632181426353497500e+01
  0.00000000000000000000e+00	 -4.81709881448533394632e+00	 -9.23745289130908986408e+00	 -1.32532224643093030636e+01	 -1.68138386293175301489e+01
  0.00000000000000000000e+00	  6.44227226354615822856e-01	  1.85876023035562809582e+00	  3.55642980462373259343e+00	  5.66491858942748649497e+00
  0.00000000000000000000e+00	 -1.07758364958098695752e+00	 -1.83128069436564544503e+00	 -2.29296344758080294923e+00	 -2.48793383943241508405e+00
  0.00000000000000000000e+00	 -1.47582511003366079194e+01	 -2.75350419893715496755e+01	 -3.84964795031607636133e+01	 -4.77923845680585941409e+01
  0.00000000000000000000e+00	 -5.20233648782078716977e+00	 -1.01207552342817450608e+01	 -1.47625785440672956383e+01	 -1.91338446025915516202e+01
  0.00000000000000000000e+00	 -6.62286089803168920298e+00	 -1.30110316898009585884e+01	 -1.91590310329255828492e+01	 -2.50603173977715556475e+01
  0.00000000000000000000e+00	  1.06439680817343713670e+01	  2.20776741519676420467e+01	  3.43395808858943070163e+01	  4.74780776677768727723e+01
  0.00000000000000000000e+00	  7.82916526482874530757e+00	  1.58869350022652184862e+01	  2.41788200739508738479e+01	  3.27101755316613491686e+01
  0.00000000000000000000e+00	 -1.03085784017436736804e+01	 -1.89619407011704907973e+01	 -2.60538858458383515426e+01	 -3.16587212096803014560e+01
  0.00000000000000000000e+00	  1.43316376894580201906e+01	  3.02662224420865868524e+01	  4.80539821531070714400e+01	  6.82514913600820847250e+01
  0.00000000000000000000e+00	  1.64839856974118958988e+01	  3.50999921052033840851e+01	  5.59203462935466149020e+01	  7.90141378735895756336e+01
  0.00000000000000000000e+00	  1.38645628237842544195e+01	  2.99087128051256598837e+01	  4.81801519405212417269e+01	  6.87228804463461102614e+01
  0.00000000000000000000e+00	  5.68469102201558484921e+00	  1.16663487850252920452e+01	  1.79460761098490735321e+01	  2.45273473397060541856e+01
  0.00000000000000000000e+00	 -1.04219830507912121220e+01	 -1.93846581999453206890e+01	 -2.68641662408635255588e+01	 -3.28719885148633821359e+01
  0.00000000000000000000e+00	 -4.75441890454982285519e+00	 -9.01980399968586255000e+00	 -1.27617591261455345375e+01	 -1.59561465751508109179e+01
  0.00000000000000000000e+00	 -1.90171458012804350801e+00	 -3.24330824522796490328e+00	 -4.08523747308163365233e+00	 -4.47803530207566780064e+00
  0.00000000000000000000e+00	 -4.97890346434355990368e+00	 -9.98594309393087087301e+00	 -1.49693555850873991631e+01	 -1.98799413790371914956e+01
  0.00000000000000000000e+00	  3.82427194475638998483e+00	  7.97761342015387242554e+00	  1.24809271753876629418e+01	  1.73681580307069367564e+01
  0.00000000000000000000e+00	  2.29571664002479280953e+00	  4.75481157401645759819e+00	  7.33489332125810733487e+00	  1.00016085451233465164e+01
  0.00000000000000000000e+00	  1.04866343398169163947e+01	  2.23050923172318249499e+01	  3.54596628503984021563e+01	  4.99536165269874601336e+01
  0.00000000000000000000e+00	 -1.24717041734282645393e+01	 -2.34262840182589258120e+01	 -3.28892101789141477752e+01	 -4.08986854571394360391e+01
  0.00000000000000000000e+00	  1.33562490225551471212e+01	  2.80627420494228942971e+01	  4.42044051718776103144e+01	  6.18694021882772489107e+01
  0.00000000000000000000e+00	  4.05061394835543353565e+00	  8.40462759329879816050e+00	  1.30573457390860312444e+01	  1.80038853409475194667e+01
  0.00000000000000000000e+00	  1.25712661265188927473e+01	  2.64662469774984714377e+01	  4.17637412265328720196e+01	  5.85426379571255353085e+01
  0.00000000000000000000e+00	 -4.64378082991434837368e+00	 -9.20322734530738273406e+00	 -1.36898710762627615622e+01	 -1.81140803016310343310e+01
  0.00000000000000000000e+00	 -6.03430146373236198087e+00	 -1.16880734321369743611e+01	 -1.69993649450251922417e+01	 -2.20013701168742841219e+01
  0.00000000000000000000e+00	 -4.58822240120322533130e+00	 -9.07625919200680186805e+00	 -1.34939120169441650887e+01	 -1.78684583867189274997e+01
  0.00000000000000000000e+00	 -1.40897339678048467704e+01	 -2.60611257708980446068e+01	 -3.61652639360972969484e+01	 -4.46223820549359473375e+01
  0.00000000000000000000e+00	 -1.88038747037020925745e+00	 -3.77511123978896989684e+00	 -5.70245682583149005040e+00	 -7.66581666115648374671e+00
  0.00000000000000000000e+00	  6.90547074891827605825e+00	  1.38189677973170574887e+01	  2.06587341130031347802e+01	  2.73540210816742046518e+01
  0.00000000000000000000e+00	  1.13979160381809094815e+01	  2.36735737804739869716e+01	  3.67865199923967765017e+01	  5.06915251293702766588e+01
  0.00000000000000000000e+00	 -6.42973939864427279645e+00	 -1.24979269048383798690e+01	 -1.82175723306593937423e+01	 -2.35998209575789559267e+01
  0.00000000000000000000e+00	 -4.66930476984259712481e+00	 -9.27864685145186740556e+00	 -1.38483250241494033617e+01	 -1.83936325675725100837e+01
  0.00000000000000000000e+00	 -1.13117856058888861526e+01	 -2.08862023345421761178e+01	 -2.89656203449073359479e+01	 -3.57655190648837333356e+01
  0.00000000000000000000e+00	  1.16205393706487001282e+01	  2.51833957441365328123e+01	  4.05859967811911275248e+01	  5.77212788431017571611e+01
  0.00000000000000000000e+00	 -2.32680152804464057681e+00	 -4.42369790542619512053e+00	 -6.35104088760230922617e+00	 -8.16163306930933174499e+00
  0.00000000000000000000e+00	  7.23907363954366189773e+00	  1.50848176091935215481e+01	  2.35816327835369889954e+01	  3.28220062859660686172e+01
  0.00000000000000000000e+00	  9.05411487193055108946e+00	  1.90093088250658581728e+01	  2.97110726361010506480e+01	  4.10168259194948205959e+01
  0.00000000000000000000e+00	  6.27813157317105208222e+00	  1.27442763242204506469e+01	  1.92427900285247801548e+01	  2.56209801928841329755e+01
  0.00000000000000000000e+00	 -1.12751854701946854220e+01	 -2.12023626959859541330e+01	 -2.99356088073177915021e+01	 -3.76107545530792606314e+01
  0.00000000000000000000e+00	 -1.39641052164938628266e+00	 -2.77514755501334775545e+00	 -4.12963530340147144670e+00	 -5.45326427385747081189e+00
  0.00000000000000000000e+00	 -4.70660160895859291941e+00	 -8.93368768111054123437e+00	 -1.27357394571046711462e+01	 -1.61570245344474301419e+01
  0.00000000000000000000e+00	  1.95740406103227826407e+00	  3.96246178712695495960e+00	  6.01400548318807182113e+00	  8.11102014343926214224e+00
  0.00000000000000000000e+00	 -1.11935637595445314219e+01	 -2.12860918184038609979e+01	 -3.03583576655687465973e+01	 -3.84845249170148164808e+01
  0.00000000000000000000e+00	 -1.00045728574206833628e+01	 -1.83353303552893009964e+01	 -2.49721007655110867063e+01	 -2.99832104031614292694e+01
  0.00000000000000000000e+00	  2.28139348230016025809e-01	  6.62028012819689593016e-01	  1.46731411384267573794e+00	  3.14088323243370837190e+00
  0.00000000000000000000e+00	  1.72636856329791612552e+01	  3.69350314079570267722e+01	  5.89556723726774833949e+01	  8.32649826154846408599e+01
  0.00000000000000000000e+00	  1.75317294014343900699e+01	  3.75095498185425668680e+01	  5.99942315329276283364e+01	  8.50424096171720833581e+01
  0.00000000000000000000e+00	  7.41435331885247705941e+00	  1.54538314715137801159e+01	  2.40823083178815409156e+01	  3.32789421584791540454e+01
  0.00000000000000000000e+00	 -1.40435882141585608451e+01	 -2.55519209400723639192e+01	 -3.47658911942475370438e+01	 -4.19570209210936369004e+01
  0.00000000000000000000e+00	  2.95495384644226533055e-02	  1.59044893258695196891e-01	  3.85097491408146197500e-01	  7.07097728061114594311e-01
  0.00000000000000000000e+00	 -8.80342801162602484055e+00	 -1.70554584872326557843e+01	 -2.47919409701578956629e+01	 -3.20429143027214280437e+01
  0.00000000000000000000e+00	 -1.08017658401448528593e+01	 -2.03185786982389657851e+01	 -2.86839029345204181709e+01	 -3.60173728780813533490e+01
  0.00000000000000000000e+00	  2.91133232864726210209e+00	  6.29471217366233304347e+00	  1.01880084204882024324e+01	  1.46588895308262578965e+01
  0.00000000000000000000e+00	  4.76409447028071042496e+00	  1.03909068558536148430e+01	  1.67879613364449511437e+01	  2.38671325138895866758e+01
  0.00000000000000000000e+00	  1.35932367405624177081e+00	  3.00132130578309386237e+00	  4.89528745631743333888e+00	  7.02053100882791625281e+00
  0.00000000000000000000e+00	 -5.52568712069725620495e+00	 -1.05010726840933870108e+01	 -1.50113319391283539517e+01	 -1.91253159541757469242e+01
  0.00000000000000000000e+00	 -1.75838910923063451719e+00	 -3.22444396594114834897e+00	 -4.43303490743727479639e+00	 -5.41350811257265718268e+00
  0.00000000000000000000e+00	  3.75925092422630768851e+00	  7.66457363789102430474e+00	  1.17177620701426121741e+01	  1.59206070279241487242e+01
  0.00000000000000000000e+00	  1.41219246469759269758e+01	  2.99092212167202262663e+01	  4.73997487876604708390e+01	  6.66308560014058883780e+01
  0.00000000000000000000e+00	  2.03918125738326239116e-01	  5.16760751071288382263e-01	  9.06920363168040921664e-01	  1.35006748702954837427e+00
  0.00000000000000000000e+00	  4.21524448405500606896e+00	  8.57717771090155167713e+00	  1.30397810476338804619e+01	  1.75633971586431698597e+01
  0.00000000000000000000e+00	 -7.41064233737101574206e+00	 -1.44119699329559267653e+01	 -2.09954736347404917751e+01	 -2.71532356546563420352e+01
  0.00000000000000000000e+00	  1.50661510943230041448e+01	  3.21495766495679475838e+01	  5.14419145051628703413e+01	  7.31470156109802331912e+01
  0.00000000000000000000e+00	  3.47320850038315143138e-01	  5.28846339352512018195e-01	  5.56006597205069397205e-01	  4.41035231413096084907e-01
  0.00000000000000000000e+00	 -2.04737870903210250617e+00	 -3.97103059494143906250e+00	 -5.76509913793989881015e+00	 -7.42258491026085209796e+00
  0.00000000000000000000e+00	 -4.58502471033767733388e-01	 -9.24198546872858628376e-01	 -1.39842019816803997401e+00	 -1.88146325876100206642e+00
  0.00000000000000000000e+00	 -1.18859385085890210121e+01	 -2.20802697839402810587e+01	 -3.06267187156268363424e+01	 -3.76024933680336630459e+01
  0.00000000000000000000e+00	 -4.97844261388124209589e+00	 -9.63219180461130974891e+00	 -1.39141664626695700235e+01	 -1.77668920657205546831e+01
  0.00000000000000000000e+00	  2.02433771903500172584e+01	  4.37643981398300496721e+01	  7.08399104822490954803e+01	  1.01772168507046401942e+02
  0.00000000000000000000e+00	  1.39033148687042142910e+01	  2.99892766936827399604e+01	  4.84573904479667731948e+01	  6.95227353290711249656e+01
  0.00000000000000000000e+00	 -1.52845837180983323833e+00	 -2.96027506755164893093e+00	 -4.30757030763969339660e+00	 -5.57970755063490742032e+00
  0.00000000000000000000e+00	 -8.64976910313063740432e+00	 -1.61301525925725570687e+01	 -2.24878341749270731498e+01	 -2.77863968077156044956e+01
  0.00000000000000000000e+00	  9.50742653040762775163e-01	  1.93529801750879926203e+00	  2.95601727015667847809e+00	  4.01582335868916118216e+00
  0.00000000000000000000e+00	  4.88201638890855349473e+00	  1.07660203595676620125e+01	  1.76310504254285547177e+01	  2.54570995205739905032e+01
  0.00000000000000000000e+00	  1.15736259203394808992e+01	  2.45112895774481245326e+01	  3.88849796119749981926e+01	  5.47677653443839318470e+01
  0.00000000000000000000e+00	  6.13271612698369494865e-01	  1.27148553379595341539e+00	  1.99804290799839634474e+00	  2.82322488906739010872e+00
  0.00000000000000000000e+00	 -2.04587035680386009062e+00	 -4.20374862080896605221e+00	 -6.46145701714029030427e+00	 -8.80662039891615222587e+00
  0.00000000000000000000e+00	  1.28450686405380594124e+01	  2.80451492588759805358e+01	  4.57640562919707889478e+01	  6.61720219185119589156e+01
  0.00000000000000000000e+00	 -1.77112496735612978682e+00	 -3.64062821207269848856e+00	 -5.61122738976530399668e+00	 -7.68555791988499947820e+00
  0.00000000000000000000e+00	 -2.29787066625482339077e+00	 -4.33745920446432364770e+00	 -6.03829182775817230322e+00	 -7.29469829074839992700e+00
  0.00000000000000000000e+00	  1.06538498743945098113e+01	  2.22149868197059987551e+01	  3.47498102157223485165e+01	  4.83351031015006782354e+01
  0.00000000000000000000e+00	  7.36107766775710103957e+00	  1.53627742671897635773e+01	  2.40887128445137363997e+01	  3.36389202477326705321e+01
  0.00000000000000000000e+00	 -3.44602375091575652277e+00	 -6.68883855028977336588e+00	 -9.70987725250085986772e+00	 -1.24915324466697086336e+01
  0.00000000000000000000e+00	  1.36154992133424457279e+00	  2.86585117939529254727e+00	  4.54400401961289901465e+00	  6.43985901565457652396e+00
  0.00000000000000000000e+00	  1.36754374324992511447e+00	  3.19002811646919326449e+00	  5.43752085554260133904e+00	  8.08094141674922639140e+00
  0.00000000000000000000e+00	  1.32907654965966202099e+01	  2.82070646591019169591e+01	  4.48960548829013390559e+01	  6.35175314365165917252e+01
  0.00000000000000000000e+00	 -5.85246597409766877718e+00	 -1.10778876606537721727e+01	 -1.56995113227800970890e+01	 -1.97436464658861012822e+01
  0.00000000000000000000e+00	  1.06325884353017841022e+00	  2.14775743047343325998e+00	  3.24714640866608306169e+00	  4.35724452459518829528e+00
  0.00000000000000000000e+00	  2.58074032832273303484e+00	  5.04348243013448893635e+00	  7.32097731628878989341e+00	  9.34514880582520390817e+00
  0.00000000000000000000e+00	 -2.54879457378035567672e+00	 -5.12392008138120047533e+00	 -7.72256879981459576356e+00	 -1.03422524707711858127e+01
  0.00000000000000000000e+00	 -2.49312152274409015718e+00	 -4.88645078475855143552e+00	 -7.18380672822925703258e+00	 -9.38843790206671258147e+00
  0.00000000000000000000e+00	 -1.05102167923193547949e+01	 -1.99650113767332442194e+01	 -2.84476786973421553739e+01	 -3.60351101572363887726e+01
  0.00000000000000000000e+00	  1.12681553683617892148e+01	  2.37045779362034920723e+01	  3.74531607340435215292e+01	  5.27616333130142294294e+01
  0.00000000000000000000e+00	  6.10185188447982795878e+00	  1.26376131785381744521e+01	  1.96034925255867449323e+01	  2.69980663090182844144e+01
  0.00000000000000000000e+00	  6.61770753276786649621e+00	  1.37407237528688028760e+01	  2.12792432541252622968e+01	  2.91426767839914191427e+01
  0.00000000000000000000e+00	 -8.83758763157003102151e+00	 -1.66995147041181724035e+01	 -2.36799353324059183024e+01	 -2.98624613556060296560e+01
  0.00000000000000000000e+00	 -1.26949583246429824612e+01	 -2.39030900030932826894e+01	 -3.35835746061972173493e+01	 -4.17245637227668098035e+01
  0.00000000000000000000e+00	  3.22392745811569625403e-01	  7.41105627845769276973e-01	  1.26362256257236538204e+00	  1.89857280814810280845e+00
  0.00000000000000000000e+00	 -5.39862059216879686119e+00	 -1.05107415530951016081e+01	 -1.53724080900146162776e+01	 -2.00111213910416267936e+01
  0.00000000000000000000e+00	  4.63091364810649963601e+00	  9.92714281544560606108e+00	  1.61436336834406830576e+01	  2.37813688014167183837e+01
  0.00000000000000000000e+00	 -1.04711587689085092734e+01	 -1.98593433269358712323e+01	 -2.82635892060369116052e+01	 -3.57740165339143700862e+01
  0.00000000000000000000e+00	 -8.00219436620210444744e+00	 -1.56534347393407529125e+01	 -2.29419327466682290151e+01	 -2.98553584358185304382e+01
  0.00000000000000000000e+00	  2.67254978154954869751e+00	  5.78304365174396650673e+00	  9.29657797562238386035e+00	  1.31792337967139729926e+01
  0.00000000000000000000e+00	 -6.45438776084309040471e+00	 -1.27788060444735691590e+01	 -1.89764640840395628629e+01	 -2.50471779114855621629e+01
  0.00000000000000000000e+00	 -5.96382610454567441138e+00	 -1.09734312831333653548e+01	 -1.50846249496316886507e+01	 -1.83537046423732022049e+01
  0.00000000000000000000e+00	  8.38313096592050044364e+00	  1.76006655594175498436e+01	  2.76741855715734317300e+01	  3.86261122767617592899e+01
  0.00000000000000000000e+00	  9.11009344738275217424e+00	  1.87471622149386121237e+01	  2.89160261465003571857e+01	  3.96219257346404418740e+01
  0.00000000000000000000e+00	 -4.06855026011182019374e+00	 -7.90929917321392395024e+00	 -1.15376013238849708387e+01	 -1.49675357377514899326e+01
  0.00000000000000000000e+00	  1.08347409507702394649e+01	  2.26628107969588512560e+01	  3.55387579017091326250e+01	  4.95302737357534823559e+01
  0.00000000000000000000e+00	  3.27290559812696812969e+00	  6.77980379407294719840e+00	  1.05222931077568091496e+01	  1.45023733797067961859e+01
  0.00000000000000000000e+00	  1.07538191851775764007e+01	  2.25368327735777000953e+01	  3.54258957258673063961e+01	  4.95232114761349038190e+01
  0.00000000000000000000e+00	  4.25959230662144250346e+00	  8.75563514074529791742e+00	  1.34924678930778725316e+01	  1.84743725512408474287e+01
  0.00000000000000000000e+00	 -4.84263648826215842291e+00	 -9.27726678780733493568e+00	 -1.33221197895502001529e+01	 -1.69782279650292906581e+01
  0.00000000000000000000e+00	 -3.24227658695799902944e+00	 -6.40553234892330181083e+00	 -9.47610309525363447847e+00	 -1.24399413831818321796e+01
